# M=4, N=2, max=1, PBC
# U/t E0/t S1(n=1) S2(n=1) S3(n=1)
0.030000000019365026 -2.813466899213338 9.045627386927713e-5 1.406220339483788e-5 1.0546689623747163e-5
0.03399783599981374 -2.811479288246902 0.00011391135670513197 1.8059711579976323e-5 1.3544844839397108e-5
0.03852842839747091 -2.809228513376977 0.00014339162953203033 2.319356485269708e-5 1.7395274505060954e-5
0.04366277297140841 -2.8066799904466717 0.00018042713060129056 2.978675880793702e-5 2.234023546876518e-5
0.04948132646069453 -2.8037946645350806 0.00022693081908886636 3.8254080884092545e-5 2.8690835052747055e-5
0.05607526736593459 -2.800528453383506 0.0002852925957483876 4.912818578328704e-5 3.684659189828743e-5
0.06354792474407148 -2.796831627788038 0.000358495808736925 6.309307115348606e-5 4.7320549784513055e-5
0.07201639740609499 -2.7926481237182252 0.0004502614154650031 8.102704913826031e-5 6.077151792949209e-5
0.08161338889097945 -2.787914781117555 0.0005652260853229452 0.00010405789996181802 7.804545537104524e-5
0.09248928697044942 -2.782560504815215 0.0007091618525368881 0.00013363364859164673 0.00010022858510816413
0.10481452027104377 -2.7765053438370564 0.0008892464899276087 0.0001716133695056632 0.00012871554985149913
0.11878222894246263 -2.769659486786748 0.0011143955962529262 0.00022038365325205422 0.0001652968479561867
0.13461129122238077 -2.7619221730579144 0.0013956694870423947 0.0002830079313305145 0.00021227096886100583
0.15254975332491796 -2.7531805226696933 0.0017467703498986742 0.0003634178377792674 0.00027258814793418296
0.17287871640016 -2.7433082917938276 0.002184647740043011 0.00046665829010295035 0.00035003456215176865
0.1959167414745673 -2.732164566945371 0.002730233272423943 0.0005992011203332925 0.00044946818752511497
0.22202484139902437 -2.719592418826762 0.0034093281585837465 0.0007693460191693369 0.0005771205513217526
0.2516121380298737 -2.7054175475510513 0.0042536697658548395 0.0009877324236712282 0.0007409823661675974
0.28514227329267855 -2.6894469651680946 0.005302205187444842 0.0012679919322400313 0.0009512956674013751
0.323140674592031 -2.6714677799720787 0.006602600175815376 0.0016275779897025888 0.0012211807212106907
0.36620278841858406 -2.6512461710270863 0.008213009578781905 0.0020888179878663093 0.001567432724379314
0.4150034111764321 -2.628526671883 0.01020412892093947 0.002680242435588509 0.0020115311815507297
0.4703072634477366 -2.60303192079255 0.012661533474344622 0.0034382559960317582 0.0025809136405816613
0.5329809733965386 -2.5744630820002197 0.015688287441560367 0.004409224905069453 0.0033105746635504474
0.6040066570953335 -2.542501199565071 0.01940776668068278 0.005652062509340472 0.004245059379523686
0.6844973085822526 -2.5068098114768347 0.023966576960860242 0.007241395701056086 0.005440926568409443
0.7757142408157198 -2.467039225495276 0.029537357455860058 0.009271383645123588 0.006969755221483465
0.8790868508316444 -2.4228329339796844 0.0363211261027232 0.01186022637275641 0.00892175471638168
0.9962350188291619 -2.3738367125717974 0.04454863987132607 0.015155329244175286 0.011410002385225493
1.0 -2.3722813232690143 0.04482180636071764 0.015267472130789939 0.011494759112350428
1.1289944921854067 -2.3197109885613494 0.05448000331997982 0.01933895791172413 0.014575258828025905
1.140625 -2.315039531842258 0.05537780191314823 0.019727630658347373 0.014869667037588852
1.2794456521745317 -2.260147049306642 0.06640146919719425 0.02463399798157595 0.018591180651302497
1.28125 -2.2594440320447546 0.06654825522790431 0.024700958295607922 0.018642035922649014
1.421875 -2.2054699010512056 0.07823241393432101 0.030162667265110632 0.022796088343737586
1.4499461141742076 -2.19488754463727 0.08061806635283097 0.031309090063084466 0.023669537014169073
1.5625 -2.1530900557024744 0.09033840975189666 0.03608624093287893 0.027314870022789872
1.6431676722147313 -2.1237514588553146 0.09744043860923768 0.039681914577514465 0.030064713710802438
1.703125 -2.1022754595716235 0.10278229270057881 0.04244374236513371 0.032180428072364764
1.84375 -2.0529953359348285 0.11548735082597117 0.04920612421015491 0.037373991182392485
1.8621381668030597 -2.046663214516832 0.11716422807924587 0.05011874732749888 0.03807633901821905
1.984375 -2.005217383421032 0.1283836010635453 0.05634353409147397 0.042876148549740534
2.110288932103281 -1.9636847514165154 0.1400407189171713 0.06302765743835581 0.048048302624357664
2.125 -1.9589079913179552 0.1414073816535284 0.06382561029252054 0.04866702464852479
2.265625 -1.9140324517749092 0.15450100302472547 0.07162176321361124 0.054726447294436764
2.3915085659852595 -1.8750482676926499 0.16623857669798636 0.07884206079847567 0.060361842920906184
2.40625 -1.8705551664494962 0.1676124304717198 0.07970143884997583 0.06103410684972077
2.546875 -1.8284398454806767 0.1806949824449262 0.08803436133682863 0.06756970482760327
2.6875 -1.7876496970204878 0.19370703512957277 0.09659075240017734 0.07431309056827495
2.7102038655344476 -1.7811858805862424 0.19579866264810464 0.09799115502948941 0.07541994226025006
2.828125 -1.7481476059079313 0.2066117285074608 0.10534152631152749 0.08124438505810638
2.96875 -1.709896300410314 0.21937667205522104 0.11425845964758063 0.08834409133731314
3.0713688829008103 -1.68275100200855 0.22858713279646004 0.1208546463636726 0.09362033642551637
3.109375 -1.6728585062803525 0.23197365012666493 0.12331433578573503 0.09559319127983368
3.25 -1.636997087674972 0.24437832821881356 0.13248306461154158 0.10297322882654569
3.390625 -1.6022751747489594 0.2565699619533547 0.14173977836964247 0.11046638000575382
3.4806631836129913 -1.5806252054794507 0.26425585746927205 0.1477018410875861 0.11531547968444511
3.53125 -1.5686562779705615 0.2685311108749697 0.15106090495437918 0.11805551028225036
3.671875 -1.5361043894056237 0.2802473591894161 0.16042422021285074 0.12572421993899818
3.8125 -1.5045840713819545 0.2917070454216386 0.16980888102793157 0.13345687831635245
3.94450053368929 -1.4759044737476 0.3022222703803409 0.1786200556112243 0.14076024684744914
3.953125 -1.4740605330776861 0.30290100272981924 0.1791954410692903 0.14123864781618356
4.09375 -1.4444996956786234 0.31382231131122895 0.18856585115626112 0.1490554986267847
4.234375 -1.4158682468226074 0.3244660640134406 0.19790344617708067 0.15689421514358615
4.375 -1.3881336850969508 0.3348291459436338 0.20719292046475513 0.16474239505550292
4.470149405299391 -1.3698606541111749 0.3416809603808112 0.21344392294708658 0.17005208137339556
4.515625 -1.361264355381252 0.34491002856559183 0.21642029344979363 0.17258844204161528
4.65625 -1.3352294758356378 0.35470857849881254 0.22557286730328596 0.18042155298237972
4.796875 -1.3099991573269456 0.3642258809928519 0.23463917815824809 0.18823170053767824
4.9375 -1.2855444160654208 0.3734640778450814 0.2436089423593818 0.19600961188401222
5.065846875931114 -1.263877997795241 0.381654631708085 0.2517034930785512 0.20307303543687683
5.078125 -1.2618371801949733 0.3824262193615885 0.2524729990477541 0.20374674433841033
5.21875 -1.2388502910432622 0.39111612982739274 0.26122325024167103 0.2114352585292999
5.359375 -1.2165574996960213 0.39953828585081974 0.2698525994324491 0.2190679897070048
5.5 -1.1949334595148748 0.40769770687444373 0.2783548895766427 0.22663841772021143
5.640625 -1.173953715170973 0.4155998570977949 0.2867248412366846 0.23414063612084324
5.740927705896719 -1.159370229378497 0.4210821854943213 0.2926114676133946 0.23944705542817346
5.78125 -1.153594688719321 0.4232505580313862 0.294957991501526 0.2415693207993952
5.921875 -1.1338336631916928 0.4306559108939233 0.30305063420840994 0.24891969849630524
6.0625 -1.114648764140292 0.4378222280714773 0.3109997618870036 0.25618751548292074
6.203125 -1.0960189395204116 0.4447559728759104 0.3188030097577631 0.2633690066581639
6.34375 -1.077923938258727 0.4514637068672104 0.3264586020373249 0.27046086526409896
6.484375 -1.0603442878147338 0.4579520440383159 0.33396530073470976 0.277460213385331
6.505970616862512 -1.0576890491222803 0.45892943857163526 0.3351048534671829 0.27852673818505214
6.625 -1.0432612710064815 0.464227611199462 0.34132235706229797 0.28436457336310006
6.765625 -1.0266569023381371 0.470297013940404 0.34852946553452135 0.2911718402250997
6.90625 -1.0105139040361453 0.47616680759170704 0.3555867207841056 0.2978802552059898
7.046875 -0.9948156819726803 0.48184347264950744 0.36249457708970667 0.304488380411021
7.1875 -0.9795463016297118 0.4873333941709178 0.3692538105793767 0.3109950746559492
7.328125 -0.9646904642341306 0.4926428446888681 0.3758654840504402 0.31739947049999595
7.372964063630702 -0.9600381468664806 0.49429884888219344 0.3779428341751382 0.3194199316410483
7.46875 -0.9502334831739141 0.4977779702351647 0.382330914327626 0.3237009524748783
7.609375 -0.936161260787065 0.5027447790985845 0.38865164206684033 0.32989913650146485
7.75 -0.922460265598872 0.5075491329806335 0.39482940390128507 0.335993850476238
7.890625 -0.9091175100687672 0.5121967402450728 0.4008661068192224 0.34198511600219017
8.03125 -0.8961205288955066 0.5166931509883995 0.40676380465776607 0.3478731312326805
8.171875 -0.8834573579184418 0.5210437536871576 0.41252467659471337 0.3536582547922097
8.3125 -0.8711165136431023 0.5252537732042625 0.41815100751969025 0.35934099073451786
8.355494096867755 -0.8674061108565296 0.5265136464810197 0.419844685195769 0.3610580636846866
8.453125 -0.8590869734110658 0.5293282699606056 0.4236451701667693 0.36492197449591746
8.59375 -0.8473581562269804 0.533272140100083 0.4290096088928431 0.37040195980014323
8.734375 -0.835919904249527 0.5370901164960246 0.4342468249890442 0.37578180647002013
8.875 -0.8247624649479428 0.5407867704649404 0.43935936341634074 0.38106246910092845
9.015625 -0.8138764739213667 0.5443665140696227 0.44434980086071973 0.38624498655113293
9.15625 -0.8032529383746129 0.5478336029081251 0.44922073500815174 0.3913304722046179
9.296875 -0.7928832212409608 0.5511921392981259 0.4539747749444817 0.3963201049628865
9.4375 -0.7827590259400649 0.5544460757777326 0.45861453259053586 0.4012151209233067
9.468957260645173 -0.7805270723926186 0.5551600412173395 0.45963705125886023 0.4022972963157815
9.578125 -0.7728723817570896 0.5575992188541333 0.46314261508787957 0.4060168057028558
9.71875 -0.7632156298275886 0.5606552329406401 0.46756161805587737 0.410726487367603
9.859375 -0.7537814097114143 0.5636176444308102 0.47187411964572246 0.4153455299297738
10.0 -0.7445626465380286 0.566489845865514 0.476082675322118 0.4198753273759107
10.730801860961929 -0.6998712929898004 0.5800846578313338 0.4963763432896561 0.44203429513910353
12.160801385999516 -0.6256616827489151 0.6013566135440812 0.5294213395782515 0.47931409074856923
13.781364362688091 -0.557908351387119 0.6192100417624525 0.5584482896418991 0.5134098539117927
15.617885505130227 -0.49645229600658053 0.6339826528415361 0.5834175178653903 0.543862503302348
17.699143657484708 -0.44101058314498104 0.6460614547512745 0.6045102549395694 0.5704788244491094
20.057752767196323 -0.39121773869713267 0.6558411542217827 0.622055640886147 0.5932963105477721
22.730672955459028 -0.3466605019494475 0.6636961951040289 0.6364630944021993 0.6125283165340717
25.75978969354196 -0.30690504038426747 0.6699646516560985 0.6481684149755952 0.6285035676567364
29.192570160847232 -0.27151698138084723 0.674941094615486 0.6575960235320896 0.6416108457649105
33.0828070700297 -0.24007527074603494 0.6788755208403515 0.6651359130110225 0.6522549781764578
37.491461615144175 -0.21218108983785025 0.6819759337683068 0.6711321289583364 0.6608259634826344
42.48761875207367 -0.18746302681854332 0.6844128054864435 0.6758793011931697 0.6676801563545264
48.149569780773135 -0.1655795358836236 0.6863242421229684 0.6796242158700759 0.6731310076578804
54.56603919372133 -0.14621951622234958 0.6878211368079991 0.6825701521917796 0.6774465467804004
61.837575015668676 -0.12910164673803393 0.6889919213595862 0.6848824267002741 0.6808511189040666
70.07812442172732 -0.11397294425166264 0.68990674124368 0.6866941707810467 0.6835294640335347
79.4168193242173 -0.1006068780401859 0.6906210076566693 0.6881117894424057 0.6856318103903843
89.99999990895753 -0.08880127047163676 0.6911783524601146 0.6892198313705481 0.6872791425358836
