# M=20, N=10, max=1, PBC
# U/t E0/t E1/t S1(n=1) S2(n=1) S3(n=1)
0.030000000019365026 -12.53902790071565 -11.915153235103878 0.0001561968802552549 2.6082661034987353e-5 1.956212333587004e-5
0.031890708315053994 -12.533467237461021 -11.90922530247649 0.0001746536680689026 2.946421104255137e-5 2.209832106148113e-5
0.03390057587264559 -12.527558114084975 -11.902925870361843 0.00019526732466745855 3.328349706022138e-5 2.4962830510677492e-5
0.03603711253896794 -12.521278827702288 -11.896231797640949 0.00021828634759568644 3.7597050468907156e-5 2.8198052896666326e-5
0.038308301458505334 -12.51460634106444 -11.889118519950616 0.00024398733145813978 4.246867738011417e-5 3.1851846217456625e-5
0.04072262890232521 -12.507516202778767 -11.881559964523815 0.00027267806392572425 4.7970389911444755e-5 3.597822391432359e-5
0.04328911597693154 -12.499982463054797 -11.87352846024628 0.00030470095350443316 5.418345509733413e-5 4.0638141814319795e-5
0.046017352331524645 -12.491977584766756 -11.864994642701365 0.00034043681352269317 6.119957782990681e-5 4.5900385661656884e-5
0.04891753198961445 -12.48347234961681 -11.855927353971794 0.0003803090511138585 6.912223220068014e-5 5.184257004486881e-5
0.05200049143887087 -12.474435759180809 -11.846293536962063 0.00042478828579861627 7.806816281430429e-5 5.855226491480181e-5
0.0552777501215346 -12.46483493061535 -11.836058124001738 0.00047439745518840226 8.816907403730312e-5 6.612826319862819e-5
0.05876155347667935 -12.454634986803933 -11.825183919489936 0.0005297174436522667 9.957353320677598e-5 7.468200906979305e-5
0.062464918695153096 -12.443798940721079 -11.813631476339376 0.0005913932896302043 0.00011244911269159275 8.433920559669517e-5
0.06640168335816067 -12.432287573794758 -11.801358965980755 0.0006601410247255579 0.0001269848015081898 9.524162485075038e-5
0.07058655714122557 -12.420059308051739 -11.78832204169277 0.0007367552073005434 0.00014339371860438987 0.00010754914465138654
0.07503517677672189 -12.407070071839486 -11.774473695028176 0.0008221172079809769 0.00016191616650385043 0.00012144204106689926
0.07976416448034389 -12.393273158924353 -11.75976410511717 0.0009172043250593731 0.000182823065903559 0.00013712356724271402
0.08479119005982173 -12.378619080783883 -11.7441404806411 0.0010230998004487901 0.00020641981828006806 0.00015482285402335094
0.09013503693795381 -12.363055411924535 -11.727546894288855 0.0011410038170023284 0.00023305064952339194 0.00017479817233878592
0.09581567233664764 -12.346526628080795 -11.709924109526398 0.0012722455646745345 0.0002631034926250386 0.00019734060114240393
0.1018543218842135 -12.328973937178553 -11.691209399542325 0.0014182964731204173 0.0002970154751391618 0.0002227781505412807
0.10827354892467843 -12.310335102978913 -11.671336358261279 0.0015807847015052445 0.0003352790859221244 0.00025148039641598174
0.11509733882545951 -12.29054426136116 -11.650234703361624 0.0017615110061104389 0.0003784491018090641 0.00028386368758193115
0.12235118859841111 -12.26953172925105 -11.627830071281554 0.0019624660886190526 0.00042715036831530995 0.0003203969967509046
0.13006220216911438 -12.247223806261822 -11.604043804256875 0.0021858495559934354 0.00048208653599868256 0.00036160849240118864
0.1382591916503805 -12.223542569182953 -11.57879272950511 0.002434090618782303 0.0005440498691031692 0.0004080929201375483
0.1469727849983767 -12.198405659535464 -11.551988930750934 0.0027098706721147003 0.0006139322548057713 0.00046051989119400005
0.15623554045362897 -12.17172606450877 -11.52353951238763 0.003016147902476618 0.0006927375594116825 0.0005196431896314913
0.16608206819451055 -12.143411891706906 -11.493346356680224 0.003356184083989966 0.0007815954930290303 0.0005863112216464295
0.17654915965777207 -12.11336613826342 -11.461305874549069 0.003733573735708706 0.0008817771648130801 0.0006614787464194194
0.18767592500931857 -12.081486455037812 -11.427308750626155 0.004152275811498463 0.0009947125352978148 0.0007462200470276237
0.1995039392788908 -12.047664906782554 -11.391239683451964 0.004616648128374923 0.0011220099941757766 0.0008417437172862918
0.21207739770468226 -12.011787729376714 -11.352977121888841 0.005131484731708547 0.0012654783244521184 0.000949409266017831
0.22544328086833354 -11.973735085457019 -11.312392999058744 0.005702056423863233 0.0014271513454953144 0.0010707457655048103
0.239651530237332 -11.933380820052722 -11.269352465388566 0.0063341547001258824 0.0016093155653504887 0.001207472801195486
0.25475523477072504 -11.890592218145509 -11.223713622655909 0.007034139349029189 0.0018145412197734245 0.001361524017543303
0.2708108292854012 -11.845229766439289 -11.175327261288473 0.007808990009635419 0.0020457171232468596 0.0015350735938257642
0.28787830532412795 -11.797146922043456 -11.124036603577578 0.00866636200335158 0.002306089820665047 0.0017305660353450492
0.30602143531325693 -11.746189891258144 -11.069677055940616 0.009614646792284631 0.0025993075978383295 0.0019507497225523807
0.3253080108476546 -11.692197422205387 -11.012075973900599 0.010663037465756808 0.0029294699938073876 0.00219871473067057
0.3458100959932118 -11.63500061569447 -10.951052444067123 0.0118215997072042 0.003301183558146903 0.0024779355157167338
0.367604296553389 -11.57442275945473 -11.57442275945472 0.011652421549552372 0.003249697398885143 0.002439257448559662
0.3907720463059142 -11.510279191729197 -11.510279191729165 0.012868453629340415 0.0036463416069727472 0.0027372552444280274
0.4153999112791482 -11.442377201224298 -11.442377201224241 0.014202422069049092 0.004089521223868076 0.0030702852757173993
0.44157991320504725 -11.370515971575253 -11.370515971575228 0.015664299867646836 0.004584313139941454 0.003442187422293852
0.46940987335729617 -11.294486579847463 -11.294486579847458 0.01726465034689495 0.005136266768101194 0.003857163555551768
0.49899377805936473 -11.214072060187682 -11.21407206018768 0.01901461195091869 0.005751429129262853 0.004319798023464383
0.5304421672281987 -11.129047545619322 -11.129047545619306 0.020925868851774165 0.0064363659523269945 0.004835075468435424
0.5638725474053389 -11.039180503195913 -11.039180503195892 0.023010603638803584 0.007198176720600635 0.00540839447071173
0.599409830818751 -10.944231080372642 -10.94423108037262 0.025281427492415354 0.008044500948893862 0.006045575021820682
0.637186802115917 -10.843952583620602 -10.843952583620597 0.027751282105506814 0.008983512138895033 0.006752857197107165
0.6773446145121313 -10.73809211412327 -10.738092114123225 0.030433306183374143 0.010023894767722918 0.007536887560414485
0.7200333172078534 -10.626391390023219 -10.626391390023215 0.03334065748409509 0.011174798240564332 0.00840468873639244
0.7654124160458055 -10.508587790348127 -10.508587790348113 0.0364862789550906 0.012445759866161588 0.00936360613262499
0.8136514695027052 -10.384415662716473 -10.384415662716469 0.03988259435418051 0.013846586457262333 0.01042122387318889
0.864930722242547 -10.253607945582672 -10.253607945582646 0.043541114608713016 0.015387180909531839 0.011585239448613116
0.919441778598701 -10.115898166608037 -10.115898166608035 0.04747193069328315 0.017077295827137462 0.012863283192566133
0.9773883185012825 -9.971022892382996 -9.971022892382994 0.05168306160699476 0.01892619059711942 0.01426266417955846
1.0389868585248494 -9.818724721995974 -9.818724721995949 0.056179616541079724 0.020942160859157788 0.01579001816022929
1.1044675609000731 -9.658755938907898 -9.658755938907854 0.060962717915215237 0.023131899573639814 0.01745082529359321
1.1740750935122455 -9.490882963543756 -9.490882963543754 0.06602811595109781 0.025499636348106147 0.019248755263465256
1.2480695440999954 -9.314891784487475 -9.314891784487433 0.07136440525149368 0.02804598596445551 0.021184784542524593
1.3267273920701088 -9.130594590744108 -9.130594590744074 0.07695072949160364 0.030766418269728923 0.02325601513947939
1.4103425415596262 -8.937837882444313 -8.937837882444267 0.08275383327270536 0.03364924117422152 0.025454107225475475
1.4992274196052455 -8.73651240243858 -8.736512402438567 0.08872429528749048 0.03667297077974041 0.027763223029104722
1.5937141435233209 -8.526565302818213 -8.526565302818208 0.0947917662481288 0.039802957983620324 0.030157374628902556
1.6941557618623653 -8.308015027171015 -8.308015027170985 0.10085906448602033 0.04298717123518214 0.0325970915124576
1.8009275735648578 -8.080969424673247 -8.080969424673205 0.10679510332609743 0.04615114309574064 0.03502540957417821
1.9144285302673956 -7.845647560956795 -7.845647560956781 0.1124269312699524 0.04919234948478968 0.03736339290484425
2.0350827269788536 -7.6024054504728715 -7.60240545047286 0.11753181255480571 0.05197482304847911 0.039505828742699034
2.16334098670647 -7.351765333677565 -7.351765333677541 0.12183147096969416 0.0543257513518105 0.04131850060748832
2.299682544950791 -7.094446911686016 -7.094446911686005 0.12499254008415317 0.05603725411996141 0.04263960250003862
2.4446168403635538 -6.831396865353333 -6.831396865353303 0.12663975498950508 0.05687821033637208 0.0432891841487959
2.5986854182593135 -6.56380995827121 -6.563809958271205 0.12639036444293206 0.05662180955739515 0.04309110039078279
2.7624639540932225 -6.293131654446686 -6.293131654446684 0.12391675393448676 0.055092032595882134 0.041909837919208215
2.9365644044656993 -6.0210303441383095 -6.02103034413828 0.1190349634908543 0.05222361967269151 0.03969755294189836
3.1216372936911756 -5.749330140742775 -5.749330140742716 0.11179759115045096 0.04811561194035896 0.03653519393787619
3.3183741444746473 -5.479905423203531 -5.479905423203523 0.10254860999125626 0.043047344830069 0.032643235867212184
3.5275100617782487 -5.2145540284786955 -5.21455402847869 0.09189613019755827 0.03743379818374226 0.028344820795169312
3.749826479532425 -4.954878672818863 -4.95487867281886 0.08059402989340336 0.03172955881902784 0.023990019723091116
3.986154080454744 -4.702205547734755 -4.702205547734747 0.0693778133764944 0.02632471853160645 0.019875797099810022
4.2373758998862545 -4.457553593479379 -4.457553593479378 0.05882755456467681 0.02147944430376958 0.016197346771896548
4.504430625242786 -4.221648142422509 -4.221648142422509 0.04930638338338289 0.017314239994013825 0.013042545926371218
4.788316103409601 -3.9949609103624146 -3.9949609103623986 0.04097335463234586 0.01384013206498036 0.010416349102747358
5.090093069184724 -3.777758275763671 -3.7777582757636585 0.033837340900797486 0.011001688007072463 0.00827412818961415
5.410889108702197 -3.570146386565208 -3.5701463865652037 0.027817421697313716 0.008713738999965415 0.006549624185920866
5.751902872644617 -3.3721085497560144 -3.372108549755995 0.022790580657539028 0.006885250975140256 0.005172867979010398
6.1144085549875005 -3.183534617473385 -3.183534617473377 0.018622264075400796 0.005431751960212061 0.0040793660642703955
6.4997606540102995 -3.0042437552153967 -3.0042437552153953 0.015182946595957425 0.004280225457235165 0.0032136139856207002
6.909399033363547 -2.834002188287274 -2.8340021882872564 0.012355609820878577 0.003369937349588792 0.002529587146705481
7.344854302102653 -2.6725372065338315 -2.6725372065338235 0.010038136852626778 0.002651439257445709 0.0019898999267353723
7.807753533790927 -2.519548334171771 -2.519548334171754 0.008143185846117618 0.0020849553539203924 0.001564532719769307
8.29982634604107 -2.374716289969916 -2.3747162899698995 0.0065969681806508085 0.0016387138279005953 0.0012295394309318475
8.82291136321134 -2.2377101808492106 -2.2377101808491804 0.0053376512284972755 0.001287443990210857 0.0009658940431438445
9.378963086404143 -2.108193259060711 -2.108193259060676 0.004313722330836711 0.0010111014754530245 0.0007585179220503946
9.97005919643676 -1.985827501038664 -1.9858275010386166 0.0034824588819963864 0.0007938182102500413 0.0005954818728777234
10.598408317071584 -1.870277216557729 -1.870277216557701 0.002808558501642633 0.0006230507268525365 0.000467360861424293
11.2663582675133 -1.7612118600235218 -1.7612118600234812 0.0022629416167352367 0.0004888953000459217 0.0003667163056362277
11.976404835008003 -1.6583081866093605 -1.65830818660935 0.0018217202736607874 0.0003835401223404311 0.000287682680626844
12.731201100323423 -1.5612518720816708 -1.5612518720816708 0.0014653192367068968 0.00030082863305302965 0.00022563844654355236
13.53356735095436 -1.4697386952499043 -1.4697386952498936 0.0011777326875948013 0.00023591234383735227 0.0001769446947630371
14.38650161909428 -1.383475365282358 -1.38347536528232 0.0009458995086597533 0.0001849753683007549 0.000138737942495748
15.29319088374782 -1.3021800621134667 -1.3021800621134085 0.000759180950677063 0.0001450162018237222 0.00010876609481735855
16.257022978840904 -1.2255827464218436 -1.2255827464217968 0.0006089258355470584 0.00011367509989845814 8.52587479878153e-5
17.281599251822882 -1.1534252858292235 -1.1534252858292176 0.0004881100273301797 8.909768175779931e-5 6.682474985586495e-5
18.370748020059636 -1.0854614357640036 -1.0854614357639607 0.00039103850084121206 6.982727274085221e-5 5.2371368819414954e-5
19.52853887529688 -1.0214567065970468 -1.0214567065969877 0.00031309988527672417 5.472000762063445e-5 4.104056716336402e-5
20.759297889642703 -0.9611881429663771 -0.9611881429663711 0.0002505647905231001 4.287793506208004e-5 3.2158796028358694e-5
22.067623779885704 -0.9044440364835986 -0.9044440364835984 0.00020042051332325173 3.359634164068481e-5 2.5197467869553236e-5
23.458405090547053 -0.851023589096 -0.8510235890959681 0.00016023585829127995 2.632230307542116e-5 1.974185722097843e-5
24.936838459870373 -0.8007365411293637 -0.8007365411293579 0.0001280508133936209 2.0622082749444104e-5 1.5466641801076264e-5
26.508448037000328 -0.7534027753565331 -0.7534027753565155 0.00010228667329226226 1.615550532907406e-5 1.2116677934770337e-5
28.179106122901782 -0.7088519062131582 -0.7088519062131299 8.167294491823185e-5 1.2655820563090003e-5 9.491895454516452e-6
29.95505511214442 -0.6669228614596979 -0.6669228614595989 6.518799518007157e-5 9.913884968959508e-6 7.4354321553116165e-6
31.8429308175375 -0.62746346207591 -0.6274634620758491 5.201092258078077e-5 7.76574446348377e-6 5.824319655012289e-6
33.849787264767684 -0.5903300049462448 -0.5903300049462079 4.14825848218392e-5 6.082885166680541e-6 4.562170812683064e-6
35.983123049684046 -0.5553868518701108 -0.5553868518700062 3.3074077691708226e-5 4.764582844707377e-6 3.5734413899035644e-6
38.25090935671465 -0.522506027607541 -0.5225060276074824 2.6361268833152707e-5 3.7319016374937064e-6 2.7989288393648337e-6
40.661619743104765 -0.4915668289945277 -0.4915668289944739 2.1004246316014274e-5 2.9229854563439517e-6 2.1922406943097883e-6
43.22426180026519 -0.46245544660604787 -0.46245544660600163 1.6730748264581763e-5 2.2893664386458568e-6 1.717025811753814e-6
45.94841081053318 -0.43506460000426705 -0.43506460000416775 1.3322816143190863e-5 1.7930690292544682e-6 1.3448023743478643e-6
48.84424552510393 -0.40929318724815816 -0.4092931872480873 1.0606051841222097e-5 1.4043413267827987e-6 1.0532563647913662e-6
51.92258619681625 -0.38504594905329953 -0.38504594905324685 8.44098041019592e-6 1.0998737476342058e-6 8.249055376552406e-7
55.19493500990217 -0.3622331477571769 -0.36223314775712295 6.716106896398344e-6 8.614066202561332e-7 6.460551045250895e-7
58.67351905776458 -0.3407702610715609 -0.3407702610715245 5.3423430617094425e-6 6.74635732611506e-7 5.059768848347801e-7
62.3713360293703 -0.3205776904530845 -0.3205776904530636 4.248534122286429e-6 5.283560469138138e-7 3.962670875878871e-7
66.30220277496407 -0.30158048381957864 -0.3015804838193629 3.377871395038312e-6 4.1379065285340744e-7 3.103430219475456e-7
70.48080693256932 -0.28370807225545547 -0.28370807225525013 2.685017301828907e-6 3.2406470840129487e-7 2.43048551062941e-7
74.92276180817737 -0.26689402028582665 -0.26689402028567766 2.1338023579176024e-6 2.5379335699682315e-7 1.9034502951598142e-7
79.64466471468438 -0.25107578925828433 -0.25107578925799745 1.6953814210296514e-6 1.987588063023793e-7 1.4906911216527874e-7
84.66415898755825 -0.23619451333754796 -0.23619451333744146 1.3467581894133218e-6 1.556576081362948e-7 1.167432102100463e-7
89.99999990895748 -0.22219478760512634 -0.2221947876050617 1.069605216397207e-6 1.2190246057031118e-7 9.142684831431325e-8
