# U/t=6.0,M=20, N=10, max=1, PBC
# theta S1(n=1) S2(n=1) S3(n=1)
0.0 0.019826836553300975 0.005845563960693578 0.004390605030486938
0.0031415926535897933 0.01987284910906073 0.005861227973362304 0.004402387625206394
0.006283185307179587 0.020010742444993124 0.005908219009598259 0.004437735214403382
0.00942477796076938 0.020240088410099943 0.005986534064843063 0.004496647213756422
0.012566370614359173 0.020560189050575772 0.00609616813045033 0.004579122648596279
0.015707963267948967 0.02097009836692454 0.006237114191880888 0.00468516015253595
0.01884955592153876 0.021468649763126013 0.006409363226845599 0.004814757966050021
0.021991148575128554 0.022054486904216297 0.0066129042023566065 0.004967913934229795
0.025132741228718346 0.022726095812864333 0.0068477240713948895 0.005144625504237332
0.02827433388230814 0.023481836390767175 0.007113807768897917 0.005344889722237234
0.031415926535897934 0.024319972019873237 0.007411138206868451 0.005568703229660965
0.034557519189487726 0.025238696372024805 0.007739696269431384 0.005816062259412558
0.03769911184307752 0.026236156970417035 0.008099460806600511 0.006086962631090653
0.04084070449666731 0.027310475364783926 0.008490408628179846 0.006381399746290928
0.04398229715025711 0.02845976401175898 0.008912514496028923 0.006699368582661069
0.0471238898038469 0.02968214009210568 0.00936575111689919 0.007040863688355881
0.05026548245743669 0.030975736580079793 0.009850089133510487 0.007405879175146346
0.053407075111026485 0.03233871090868634 0.010365497116026301 0.007794408711792045
0.05654866776461628 0.033769251579016224 0.010911941552052884 0.008206445516272254
0.059690260418206076 0.03526558304015692 0.011489386836480264 0.008641982347860289
0.06283185307179587 0.036825969138277515 0.01209779526072774 0.00910101149870135
0.06597344572538566 0.03844871539848782 0.012737127001198445 0.009583524784752662
0.06911503837897545 0.04013217036710959 0.013407340106949217 0.01008951353607701
0.07225663103256524 0.041874726207530966 0.01410839048720458 0.010618968586964872
0.07539822368615504 0.04367481871294476 0.014840231897860878 0.011171880265225642
0.07853981633974483 0.04553092686911109 0.015602815927661773 0.011748238381170673
0.08168140899333462 0.04744157207880795 0.016396091983139183 0.012348032215587335
0.08482300164692443 0.04940531713548246 0.017220007273819782 0.012971250507829879
0.08796459430051422 0.051420765019269954 0.018074506796321277 0.01361788144298659
0.09110618695410401 0.05348655757238552 0.01895953331784561 0.014287912638499378
0.0942477796076938 0.05560137409905419 0.019875027358810193 0.014981331130028419
0.0973893722612836 0.05776392992471058 0.020820927175457804 0.015698123357188454
0.10053096491487339 0.05997297494297005 0.02179716874123372 0.01643827514824192
0.10367255756846318 0.06222729216971601 0.022803685728317813 0.017201771704775215
0.10681415022205297 0.0645256963216374 0.02384040948742472 0.017988597584939203
0.10995574287564276 0.06686703242914716 0.024907269027877987 0.018798736686746587
0.11309733552923255 0.06925017449231152 0.026004190997098497 0.019632172230772404
0.11623892818282235 0.07167402418629676 0.027131099658612712 0.020488886741577783
0.11938052083641215 0.07413750961816579 0.02828791687043397 0.021368862029234936
0.12252211349000194 0.0766395841385985 0.029474562062236753 0.022272079169757042
0.12566370614359174 0.07917922520838205 0.030690952211930522 0.023198518484878417
0.12880529879718153 0.08175543331949697 0.03193700182225623 0.024148159521644175
0.13194689145077132 0.08436723097078591 0.033212622895677946 0.025120981030489542
0.1350884841043611 0.08701366169569225 0.034517724909918 0.026116960943571854
0.1382300767579509 0.08969378914166803 0.03585221479167622 0.027136076351491845
0.1413716694115407 0.09240669619808806 0.037215996890722636 0.0281783034800287
0.1445132620651305 0.09515148417145802 0.03860897295283028 0.029243617665732913
0.14765485471872028 0.09792727200563656 0.04003104209208752 0.030331993330761087
0.15079644737231007 0.10073319554384241 0.041482100763569285 0.031443403957676974
0.15393804002589986 0.10356840683260016 0.042962042733379224 0.032577822061959694
0.15707963267948966 0.10643207346231964 0.044470759050623254 0.033735219165623054
0.16022122533307945 0.10932337794528468 0.046008138016714106 0.03491556576848387
0.16336281798666924 0.11224151712700436 0.04757406515550944 0.03611883131968563
0.16650441064025903 0.11518570163041009 0.049168423181732646 0.03734498418754795
0.16964600329384885 0.11815515532982523 0.05079109196981424 0.038593991629328084
0.17278759594743864 0.1211491148535826 0.052441948521689596 0.039865819759778987
0.17592918860102844 0.12416682911390531 0.054120866933873746 0.04116043351872456
0.17907078125461823 0.12720755886157997 0.05582771836432565 0.04247779663801454
0.18221237390820802 0.1302705762644636 0.05756237099889461 0.04381787160769246
0.1853539665617978 0.13335516450878604 0.05932469001635976 0.04518061964060127
0.1884955592153876 0.13646061742066706 0.061114537554428416 0.04656600063719285
0.1916371518689774 0.13958623910867463 0.06293177267304184 0.04797397314777463
0.1947787445225672 0.14273134362312678 0.06477625131993081 0.04940449433587579
0.19792033717615698 0.14589525463471364 0.06664782629324995 0.05085751993883969
0.20106192982974677 0.14907730512892625 0.06854634720432351 0.052333004227888225
0.20420352248333656 0.15227683711496587 0.07047166044151743 0.05383089996839496
0.20734511513692636 0.15549320135125466 0.0724236091308681 0.055351158377071386
0.21048670779051615 0.15872575708285597 0.07440203309867455 0.05689372907993606
0.21362830044410594 0.16197387179278833 0.07640676883235642 0.0584585600682801
0.21676989309769573 0.16523692096562126 0.07843764944081988 0.060045597653525906
0.21991148575128552 0.1685142878620618 0.08049450461508734 0.06165478642151756
0.22305307840487532 0.171805363304403 0.08257716058846531 0.06328606918568358
0.2261946710584651 0.1751095454732745 0.0846854400949244 0.06493938693803303
0.2293362637120549 0.1784262397125973 0.08681916232911968 0.06661467880053928
0.2324778563656447 0.18175485834449256 0.08897814290485773 0.06831188197448501
0.2356194490192345 0.1850948204931986 0.09116219381277757 0.07003093168830699
0.2387610416728243 0.18844555191619827 0.093371123379006 0.07177176114524197
0.2419026343264141 0.1918064848436991 0.09560473622252053 0.07353430146903195
0.2450442269800039 0.19517705782573902 0.0978628332121314 0.07531848164834853
0.24818581963359368 0.19855671558510135 0.10014521142414479 0.07712422848069433
0.25132741228718347 0.2019449088782177 0.10245166409833484 0.07895146651397411
0.25446900494077324 0.20534109436113113 0.10478198059509047 0.08080011798785725
0.25761059759436306 0.20874473446216824 0.10713594635108326 0.082670102772886
0.2607521902479528 0.21215529725969162 0.10951334283566494 0.08456133830898382
0.26389378290154264 0.21557225636536792 0.11191394750668104 0.08647373954231163
0.2670353755551324 0.218995090812526 0.11433753376613565 0.08840721886078873
0.2701769682087222 0.22242328494957597 0.11678387091526554 0.09036168602789463
0.27331856086231204 0.22585632833701963 0.1192527241110426 0.0923370481162391
0.2764601535159018 0.22929371565011802 0.12174385432049872 0.09433320943815149
0.2796017461694916 0.23273494658465355 0.1242570182767202 0.09635007147615049
0.2827433388230814 0.23617952576747703 0.12679196843344176 0.09838753281094093
0.2858849314766712 0.2396269626695937 0.12934845292133534 0.10044548904922612
0.289026524130261 0.24307677152425633 0.1319262155024119 0.1025238327486182
0.2921681167838508 0.24652847124752064 0.13452499552579322 0.10462245334204479
0.29530970943744056 0.24998158536173465 0.13714452788389275 0.10674123706088823
0.2984513020910304 0.2534356419237138 0.13978454296672682 0.1088800668551273
0.30159289474462014 0.25689017345384224 0.14244476661907424 0.11103882231395934
0.30473448739820996 0.2603447168693269 0.14512492009595057 0.11321737958348477
0.3078760800517997 0.26379881341998157 0.14782472001882319 0.11541561128322009
0.31101767270538955 0.2672520086257242 0.15054387833298488 0.11763338642172538
0.3141592653589793 0.2707038522179568 0.15328210226352823 0.11987057030937986
0.31730085801256913 0.2741538980815328 0.15603909427403106 0.12212702447136792
0.3204424506661589 0.27760170420078634 0.15881455202327865 0.12440260655730428
0.3235840433197487 0.2810468326063815 0.16160816832416014 0.12669717025059857
0.3267256359733385 0.28448884932472396 0.16441963110243973 0.12901056517576848
0.3298672286269283 0.2879273243292091 0.16724862335641344 0.13134263680444924
0.33300882128051806 0.2913618314937798 0.1700948231164907 0.1336932263593238
0.3361504139341079 0.294791948547215 0.17295790340693173 0.1360621707176235
0.3392920065876977 0.29821725703094515 0.1758375322059842 0.1384493023113511
0.34243359924128747 0.3016373422561607 0.1787333724098592 0.14085444902826483
0.3455751918948773 0.30505179326483 0.18164508179470662 0.14327743410922578
0.34871678454846705 0.30846020279047437 0.18457231298155863 0.14571807604559384
0.35185837720205687 0.31186216722161797 0.18751471340089498 0.14817618847413927
0.35499996985564664 0.3152572865657737 0.1904719252592697 0.15065158007128332
0.35814156250923646 0.3186451644155368 0.19344358550615404 0.15314405444524226
0.3612831551628262 0.3220254079150582 0.19642932580299544 0.15565341002756705
0.36442474781641604 0.32539762772869407 0.19942877249249102 0.15817943996255046
0.3675663404700058 0.32876143801023616 0.20244154656989632 0.16072193199585882
0.3707079331235956 0.33211645637354437 0.20546726365525014 0.16328066836151356
0.3738495257771854 0.33546230386414155 0.20850553396753968 0.1658554256680067
0.3769911184307752 0.33879860493196867 0.21155596230002516 0.16844597478293588
0.38013271108436497 0.3421249874052199 0.21461814799723689 0.1710520807165441
0.3832743037379548 0.3454410824649248 0.2176916849338344 0.17367350250429858
0.38641589639154456 0.3487465246204784 0.2207761614953423 0.17630999308853346
0.3895574890451344 0.35204095168665983 0.22387116056008072 0.17896129919864068
0.39269908169872414 0.35532400476062165 0.22697625948389577 0.18162716123101807
0.39584067435231396 0.3585953282004506 0.23009103008627374 0.1843073131277353
0.3989822670059037 0.3618545696038309 0.23321503863926152 0.18700148225500168
0.40212385965949354 0.3651013797887095 0.23634784585720636 0.18970938927996217
0.40526545231308336 0.3683354127729115 0.23948900689077757 0.19243074804845062
0.4084070449666731 0.37155632575634856 0.24263807132143755 0.19516526546087043
0.41154863762026295 0.3747637791023406 0.24579458315986003 0.197912641348839
0.4146902302738527 0.37795743632091394 0.24895808084571103 0.200672568350738
0.41783182292744253 0.38113696405154407 0.25212809725118346 0.2034447317879784
0.4209734155810323 0.38430203204778435 0.2553041596861303 0.20622880954046297
0.4241150082346221 0.38745231316127793 0.25848578990714977 0.2090244719230374
0.4272566008882119 0.39058748332724 0.2616725041287493 0.21183138156162507
0.4303981935418017 0.39370722154971727 0.2648638130383887 0.21464919327047172
0.43353978619539146 0.39681120988855056 0.268059221813274 0.21747755392898105
0.4366813788489813 0.39989913344559413 0.27125823014189443 0.2203161023604987
0.43982297150257105 0.40297068035184 0.27446033224846733 0.2231644692117709
0.44296456415616087 0.40602554175572436 0.2776650169198063 0.22602227683281084
0.44610615680975063 0.409063411811037 0.2808717675369179 0.2288891391590573
0.44924774946334045 0.41208398766544185 0.28408006210982917 0.2317646615948039
0.4523893421169302 0.4150869694495647 0.2872893733163622 0.23464844089862158
0.45553093477052004 0.4180720602670065 0.2904991685435401 0.23754006506987935
0.4586725274241098 0.4210389661835996 0.29370890993487375 0.24043911323903844
0.4618141200776996 0.4239873962182137 0.29691805443988706 0.24334515555910086
0.4649557127312894 0.4269170623330112 0.30012605386911195 0.24625775310087272
0.4680973053848792 0.4298276794248652 0.30333235495210165 0.2491764577503499
0.471238898038469 0.4327189653163743 0.3065363994009118 0.25210081211033497
0.4743804906920588 0.43559064074814735 0.30973762397666915 0.2550303494046604
0.4775220833456486 0.43844242937017475 0.3129354605622403 0.2579645933875643
0.48066367599923837 0.44127405773482486 0.3161293362377484 0.26090305825597593
0.4838052686528282 0.4440852552891301 0.3193186733623379 0.26384524856758507
0.48694686130641796 0.4468757543678832 0.3225028896595261 0.2667906591628788
0.4900884539600078 0.4496452901868957 0.32568139830818277 0.26973877509307487
0.49323004661359754 0.45239360083656344 0.32885360803781793 0.2726890715531418
0.49637163926718736 0.4551204272756051 0.33201892322943216 0.2756410138212577
0.4995132319207771 0.45782551332516386 0.3351767440210831 0.27859405720432795
0.5026548245743669 0.4605086056628931 0.33832646641891584 0.28154764699048407
0.5057964172279568 0.46316945381789365 0.34146748241291824 0.2845012184083697
0.5089380098815465 0.46580781016519923 0.34459918009855217 0.2874541965944122
0.5120796025351363 0.46842342992060315 0.3477209438035369 0.2904059965679142
0.5152211951887261 0.4710160711365683 0.3508321542194479 0.29335602321414056
0.5183627878423159 0.4735854946965419 0.35393218854041253 0.29630367127744384
0.5215043804959056 0.4761314643115062 0.3570204206051941 0.299248325362095
0.5246459731494955 0.47865374651535886 0.36009622104642336 0.3021893599440646
0.5277875658030853 0.4811521106610135 0.36315895744478466 0.30512613939251887
0.5309291584566751 0.4836263289162872 0.36620799448914143 0.30805801800220234
0.5340707511102648 0.486076176260831 0.3692426941416418 0.3109843400364891
0.5372123437638546 0.48850143048181804 0.37226241580985775 0.31390443978303395
0.5403539364174444 0.4909018721713174 0.3752665165228968 0.31681764162022485
0.5434955290710343 0.4932772847227751 0.37825435111455663 0.31972326009722574
0.5466371217246241 0.49562745432798305 0.3812252724116738 0.32262060002667603
0.5497787143782138 0.4979521699742131 0.38417863142823583 0.325508956590967
0.5529203070318036 0.500251223441806 0.38711377756461696 0.3283876154620793
0.5560618996853934 0.5025244093005612 0.3900300588143706 0.3312558529373639
0.5592034923389833 0.5047715249085027 0.39292682197365636 0.334112936087946
0.562345084992573 0.506992370408764 0.3958034128588359 0.3369581229245018
0.5654866776461628 0.5091867487273523 0.39865917652865734 0.33979066257815127
0.5686282702997526 0.5113544655711562 0.40149345751177146 0.3426097954975047
0.5717698629533424 0.513495329426152 0.4043056000396015 0.3454147536623742
0.5749114556069321 0.5156091515549877 0.4070949482852675 0.34820476081511265
0.578053048260522 0.5176957459954217 0.4098608466072182 0.3509790327090889
0.5811946409141118 0.5197549295588306 0.41260263979763234 0.3537367773746789
0.5843362335677016 0.5217865218280986 0.4153196733371467 0.35647719540450984
0.5874778262212913 0.5237903451563941 0.4180112936532452 0.3591994802562417
0.5906194188748811 0.52576622466575 0.42067684838413744 0.36190281857475437
0.5937610115284709 0.5277139882454165 0.4233156866473955 0.36458639053349273
0.5969026041820608 0.5296334665510063 0.4259271593125984 0.3672493701948145
0.6000441968356505 0.5315244930029106 0.4285106192790553 0.3698909258904157
0.6031857894892403 0.5333869037851175 0.43106542175752605 0.3725102206213635
0.6063273821428301 0.5352205378446149 0.43359092455550297 0.37510641247766374
0.6094689747964199 0.5370252368898618 0.43608648836719954 0.3776786550784115
0.6126105674500097 0.5388008453902553 0.43855147706659414 0.3802260980315708
0.6157521601035995 0.5405472105748843 0.4409852580043263 0.3827478874140162
0.6188937527571893 0.5422641824320733 0.4433872023075667 0.3852431662714353
0.6220353454107791 0.5439516137084177 0.44575668518307454 0.38771107513818004
0.6251769380643689 0.5456093599080138 0.44809308622312605 0.39015075257694853
0.6283185307179586 0.5472372792920868 0.45039578971374006 0.3925613357378501
0.6314601233715484 0.5488352328779786 0.4526641849454678 0.3949419609368521
0.6346017160251383 0.5504030844389951 0.4548976665259805 0.39729176425311596
0.6377433086787281 0.5519407005037205 0.4570956346944621 0.39960988214482285
0.6408849013323178 0.5534479503554617 0.45925749563770424 0.4018954520833322
0.6440264939859076 0.5549247060317688 0.4613826618070971 0.40414761320466
0.6471680866394974 0.5563708423244065 0.46347055223639844 0.4063655069779468
0.6503096792930873 0.5577862367784672 0.4655205928605297 0.4085482778905103
0.653451271946677 0.5591707696925581 0.4675322168339764 0.4106950741481099
0.6565928646002668 0.5605243241181088 0.46950486484975995 0.41280504839045573
0.6597344572538566 0.5618467858593639 0.4714379854574444 0.41487735842027673
0.6628760499074464 0.5631380434728079 0.4733310353808844 0.4169111679457389
0.6660176425610361 0.5643979882675136 0.47518347983418874 0.4189056473344075
0.669159235214626 0.5656265143044759 0.4769947928370333 0.42085997437866984
0.6723008278682158 0.5668235183965256 0.4787644575277512 0.4227733350706693
0.6754424205218056 0.5679889001082752 0.48049196647417514 0.42464492438573265
0.6785840131753954 0.5691225617561169 0.4821768219820979 0.42647394707323594
0.6817256058289851 0.5702244084079635 0.48381853640087646 0.428259618453418
0.6848671984825749 0.5712943478830983 0.48541663242584976 0.43000116521883625
0.6880087911361648 0.5723322907521742 0.4869706433969636 0.4316978262388087
0.6911503837897546 0.5733381503373658 0.4884801135933001 0.43334885336538465
0.6942919764433443 0.5743118427119502 0.48994459852373806 0.43495351223971257
0.6974335690969341 0.5752532867005802 0.4913636652122979 0.4365110830964265
0.7005751617505239 0.5761624038792412 0.49273689247868635 0.43802086156503606
0.7037167544041137 0.5770391185750405 0.4940638712135579 0.4394821594665559
0.7068583470577035 0.5778833578663769 0.4953442046475178 0.44089430560318466
0.7099999397112933 0.5786950515830243 0.4965775086141808 0.4422566465398319
0.7131415323648831 0.5794741323059402 0.49776341180682593 0.44356854737559015
0.7162831250184729 0.5802205353674434 0.49890155602788555 0.44482939250311304
0.7194247176720626 0.580934198851137 0.49999159643141455 0.4460385863544425
0.7225663103256524 0.5816150635921042 0.5010332017578012 0.44719555413122825
0.7257079029792423 0.5822630731767728 0.50202605456081 0.4482997425178228
0.7288494956328321 0.5828781739432509 0.5029698514260814 0.44935062037511697
0.7319910882864218 0.5834603149808606 0.5038643031817163 0.450347679413992
0.7351326809400116 0.5840094481306006 0.5047091350992772 0.4512904348457272
0.7382742735936014 0.5845255279851425 0.5055040870861083 0.4521784260084978
0.7414158662471912 0.5850085118889354 0.5062489138680824 0.45301121696786506
0.7445574589007811 0.5854583599377396 0.5069433851632175 0.45378839709017216
0.7476990515543708 0.5858750349794848 0.507587285844247 0.45450958158612353
0.7508406442079606 0.5862585026136125 0.5081804160922974 0.4551744120247325
0.7539822368615504 0.5866087311917267 0.5087225915390823 0.4557825568145817
0.7571238295151402 0.5869256918169894 0.5092136433995047 0.45633371165249104
0.7602654221687299 0.5872093583447215 0.5096534185925097 0.45682759993700905
0.7634070148223198 0.5874597073821008 0.5100417798516328 0.45726397314664613
0.7665486074759096 0.5876767182883196 0.510378605824076 0.4576426111811136
0.7696902001294994 0.5878603731747907 0.5106637911583749 0.4579633226646944
0.7728317927830891 0.5880106569047068 0.5108972465812021 0.4582259452113764
0.7759733854366789 0.588127557093427 0.5110788989619279 0.45843034565008445
0.7791149780902688 0.5882110641086622 0.5112086913656575 0.4585764202099214
0.7822565707438586 0.5882611710698966 0.5112865830951869 0.45866409466524116
0.7853981633974483 0.5882778738489418 0.5113125497202091 0.4586933244390212
0.7885397560510381 0.5882611710698908 0.5112865830951896 0.4586640946652425
0.7916813487046279 0.5882110641086569 0.511208691365661 0.4585764202099236
0.7948229413582177 0.5881275570934323 0.5110788989619226 0.45843034565008045
0.7979645340118074 0.5880106569046997 0.5108972465812069 0.4582259452113795
0.8011061266653973 0.5878603731747836 0.5106637911583771 0.4579633226646953
0.8042477193189871 0.5876767182883151 0.510378605824072 0.45764261118110827
0.8073893119725769 0.5874597073821199 0.510041779851615 0.45726397314663325
0.8105309046261667 0.5872093583447189 0.5096534185925088 0.4568275999370073
0.8136724972797564 0.5869256918169894 0.5092136433995011 0.4563337116524875
0.8168140899333463 0.5866087311917161 0.508722591539085 0.45578255681458213
0.8199556825869361 0.5862585026136018 0.5081804160922978 0.4551744120247303
0.8230972752405259 0.585875034979491 0.5075872858442358 0.45450958158611376
0.8262388678941156 0.5854583599377374 0.5069433851632126 0.4537883970901673
0.8293804605477054 0.5850085118889337 0.5062489138680761 0.4530112169678593
0.8325220532012952 0.584525527985142 0.5055040870860981 0.4521784260084871
0.8356636458548851 0.5840094481306077 0.5047091350992678 0.4512904348457196
0.8388052385084748 0.5834603149808522 0.5038643031817132 0.45034767941398757
0.8419468311620646 0.5828781739432567 0.5029698514260703 0.4493506203751072
0.8450884238156544 0.5822630731767773 0.5020260545607957 0.44829974251781035
0.8482300164692442 0.5816150635921118 0.5010332017577861 0.4471955541312158
0.8513716091228339 0.5809341988511414 0.499991596431403 0.4460385863544323
0.8545132017764238 0.5802205353674488 0.4989015560278749 0.4448293925031037
0.8576547944300136 0.5794741323059482 0.49776341180681083 0.44356854737557727
0.8607963870836034 0.5786950515830132 0.49657750861417815 0.442256646539827
0.8639379797371931 0.5778833578663733 0.4953442046475067 0.4408943056031731
0.8670795723907829 0.5770391185750343 0.494063871213549 0.4394821594665457
0.8702211650443727 0.5761624038792474 0.49273689247866903 0.43802086156502096
0.8733627576979626 0.5752532867005713 0.4913636652122859 0.43651108309641273
0.8765043503515524 0.5743118427119538 0.4899445985237274 0.43495351223970324
0.8796459430051421 0.5733381503373658 0.4884801135932948 0.4333488533653793
0.8827875356587319 0.572332290752172 0.4869706433969512 0.43169782623879627
0.8859291283123217 0.571294347883089 0.4854166324258409 0.43000116521882603
0.8890707209659116 0.5702244084079573 0.48381853640085604 0.42825961845339755
0.8922123136195013 0.5691225617561191 0.4821768219820708 0.4264739470732106
0.8953539062730911 0.5679889001082712 0.4804919664741565 0.42464492438571355
0.8984954989266809 0.5668235183965065 0.4787644575277463 0.4227733350706613
0.9016370915802707 0.5656265143044776 0.47699479283701374 0.4208599743786521
0.9047786842338604 0.5643979882675021 0.475183479834171 0.4189056473343884
0.9079202768874503 0.5631380434728053 0.47333103538086396 0.41691116794571936
0.9110618695410401 0.5618467858593577 0.47143798545743687 0.4148773584202683
0.9142034621946299 0.5605243241181044 0.4695048648497484 0.4128050483904442
0.9173450548482196 0.5591707696925519 0.4675322168339635 0.41069507414809703
0.9204866475018094 0.5577862367784614 0.4655205928605133 0.4085482778904943
0.9236282401553992 0.5563708423244038 0.4634705522363909 0.4063655069779393
0.9267698328089891 0.5549247060317666 0.4613826618070833 0.4041476132046462
0.9299114254625788 0.5534479503554626 0.4592574956376967 0.4018954520833242
0.9330530181161686 0.551940700503728 0.4570956346944408 0.3996098821448051
0.9361946107697584 0.5504030844390155 0.4548976665259423 0.39729176425308443
0.9393362034233482 0.5488352328779995 0.45266418494544247 0.394941960936833
0.942477796076938 0.5472372792920748 0.4503957897137383 0.3925613357378457
0.9456193887305278 0.5456093599080161 0.4480930862231123 0.39015075257693654
0.9487609813841176 0.5439516137084222 0.445756685183047 0.3877110751381556
0.9519025740377074 0.5422641824321035 0.4433872023075165 0.3852431662713949
0.9550441666912972 0.540547210574899 0.4409852580043032 0.38274788741399757
0.9581857593448869 0.5388008453902571 0.43855147706657105 0.38022609803154994
0.9613273519984767 0.5370252368898778 0.43608648836716446 0.37767865507838216
0.9644689446520666 0.5352205378446353 0.43359092455546877 0.3751064124776362
0.9676105373056564 0.5333869037851438 0.43106542175747986 0.3725102206213262
0.9707521299592461 0.5315244930029093 0.4285106192790331 0.3698909258903953
0.9738937226128359 0.5296334665510529 0.42592715931254466 0.36724937019477366
0.9770353152664257 0.5277139882454329 0.4233156866473675 0.36458639053347053
0.9801769079200155 0.5257662246657686 0.42067684838409525 0.3619028185747193
0.9833185005736053 0.523790345156411 0.418011293653211 0.35919948025621373
0.9864600932271951 0.5217865218281053 0.4153196733371267 0.3564771954044934
0.9896016858807849 0.5197549295588484 0.4126026397975959 0.3537367773746487
0.9927432785343747 0.5176957459954634 0.4098608466071503 0.3509790327090343
0.9958848711879644 0.5156091515550019 0.40709494828523196 0.3482047608150829
0.9990264638415542 0.5134953294261795 0.4043056000395442 0.3454147536623271
1.002168056495144 0.5113544655711704 0.40149345751172794 0.3426097954974683
1.0053096491487339 0.5091867487273531 0.3986591765286325 0.3397906625781295
1.0084512418023237 0.5069923704087769 0.3958034128587844 0.3369581229244587
1.0115928344559135 0.5047715249085387 0.3929268219736022 0.3341129360879034
1.0147344271095033 0.5025244093005585 0.3900300588143475 0.3312558529373435
1.017876019763093 0.5002512234417762 0.38711377756462984 0.32838761546208683
1.0210176124166828 0.4979521699742864 0.3841786314281417 0.3255089565908946
1.0241592050702726 0.4956274543279755 0.3812252724116627 0.32262060002666537
1.0273007977238624 0.4932772847227822 0.37825435111453265 0.31972326009720575
1.0304423903774522 0.49090187217133474 0.3752665165228617 0.3168176416201969
1.033583983031042 0.4885014304818336 0.3722624158098129 0.31390443978299754
1.0367255756846319 0.48607617626084254 0.3692426941416027 0.31098434003645714
1.0398671683382217 0.48362632891636226 0.36620799448904107 0.30805801800212507
1.0430087609918113 0.481152110661081 0.3631589574447016 0.30512613939245536
1.046150353645401 0.4786537465154157 0.3600962210463492 0.3021893599440073
1.049291946298991 0.4761314643115204 0.3570204206051346 0.2992483253620457
1.0524335389525807 0.4735854946965623 0.3539321885403637 0.2963036712774043
1.0555751316061706 0.47101607113658783 0.3508321542194168 0.2933560232141166
1.0587167242597604 0.4684234299206742 0.347720943803433 0.2904059965678334
1.0618583169133502 0.46580781016520323 0.3445991800985211 0.2874541965943864
1.06499990956694 0.4631694538178932 0.3414674824128858 0.2845012184083422
1.0681415022205296 0.46050860566294727 0.33832646641884523 0.2815476469904299
1.0712830948741194 0.4578255133252007 0.3351767440210165 0.27859405720427555
1.0744246875277093 0.45512042727564195 0.3320189232293651 0.27564101382120487
1.077566280181299 0.45239360083660385 0.32885360803774866 0.27268907155308764
1.080707872834889 0.44964529018693433 0.3256813983081188 0.2697387750930256
1.0838494654884787 0.4468757543679138 0.32250288965946394 0.2667906591628304
1.0869910581420685 0.4440852552891581 0.31931867336228725 0.26384524856754554
1.0901326507956584 0.4412740577348351 0.316129336237704 0.2609030582559404
1.0932742434492482 0.4384424293702054 0.31293546056219057 0.25796459338752564
1.0964158361028378 0.43559064074812426 0.30973762397666693 0.2550303494046564
1.0995574287564276 0.43271896531637655 0.30653639940089006 0.2521008121103172
1.1026990214100174 0.4298276794248199 0.3033323549521145 0.24917645775035702
1.1058406140636072 0.4269170623330285 0.300126053869056 0.24625775310082787
1.108982206717197 0.42398739621825765 0.2969180544398067 0.24334515555903868
1.1121237993707869 0.42103896618364844 0.29370890993478005 0.24043911323896472
1.1152653920243767 0.41807206026703003 0.2904991685434837 0.23754006506983494
1.1184069846779665 0.415086969449626 0.2872893733162787 0.23464844089855807
1.121548577331556 0.412083987665417 0.2840800621098336 0.2317646615948057
1.124690169985146 0.40906341181108496 0.28087176753684373 0.22888913915900044
1.1278317626387357 0.40602554175575145 0.277665016919741 0.22602227683275977
1.1309733552923256 0.4029706803518409 0.2744603322484438 0.22316446921175181
1.1341149479459154 0.3998991334455795 0.27125823014187844 0.2203161023604845
1.1372565405995052 0.3968112098885861 0.26805922181321673 0.21747755392893708
1.140398133253095 0.39370722154971594 0.26486381303834383 0.2146491932704353
1.1435397259066848 0.39058748332722804 0.2616725041287431 0.21183138156161885
1.1466813185602747 0.3874523131613068 0.25848578990709825 0.20902447192299745
1.1498229112138643 0.38430203204783364 0.2553041596860539 0.2062288095404048
1.152964503867454 0.3811369640515947 0.2521280972511186 0.2034447317879291
1.156106096521044 0.37795743632093703 0.24895808084566262 0.2006725683506998
1.1592476891746337 0.3747637791023726 0.24579458315980807 0.19791264134879905
1.1623892818282235 0.37155632575637076 0.24263807132139403 0.19516526546083668
1.1655308744818134 0.36833541277295323 0.23948900689071095 0.19243074804839955
1.1686724671354032 0.3651013797887366 0.23634784585716195 0.18970938927992842
1.171814059788993 0.36185456960386375 0.23321503863920778 0.18700148225496083
1.1749556524425826 0.35859532820046125 0.23009103008625686 0.18430731312772242
1.1780972450961724 0.35532400476064296 0.22697625948385802 0.1816271612309892
1.1812388377497622 0.3520409516866847 0.22387116056002654 0.17896129919859893
1.184380430403352 0.3487465246205059 0.2207761614952788 0.17630999308848416
1.1875220230569419 0.3454410824649541 0.21769168493377844 0.17367350250425595
1.1906636157105317 0.34212498740529984 0.21461814799712053 0.17105208071645617
1.1938052083641215 0.33879860493206637 0.2115559622999026 0.16844597478284395
1.1969468010177113 0.33546230386419085 0.20850553396746285 0.16585542566794853
1.200088393671301 0.3321164563736092 0.2054672636551409 0.16328066836143051
1.2032299863248908 0.3287614380103081 0.20244154656978264 0.16072193199577312
1.2063715789784806 0.3253976277287416 0.19942877249240976 0.15817943996248873
1.2095131716320704 0.32202540791512035 0.19642932580290307 0.15565341002749689
1.2126547642856602 0.318645164415583 0.19344358550608254 0.15314405444518808
1.21579635693925 0.3152572865658092 0.1904719252592013 0.15065158007123092
1.2189379495928399 0.3118621672216344 0.18751471340086212 0.1481761884741144
1.2220795422464297 0.3084602027904939 0.1845723129815271 0.1457180760455703
1.2252211349000195 0.3050517932648429 0.18164508179468442 0.14327743410920935
1.228362727553609 0.30163734225620864 0.17873337240980103 0.1408544490282213
1.231504320207199 0.29821725703098023 0.17583753220593046 0.1384493023113107
1.2346459128607887 0.29479194854728297 0.17295790340683048 0.13606217071754712
1.2377875055143785 0.29136183149374695 0.17009482311650403 0.13369322635933267
1.2409290981679684 0.2879273243292353 0.16724862335635526 0.13134263680440528
1.2440706908215582 0.28448884932475815 0.16441963110239044 0.12901056517573117
1.247212283475148 0.28104683260643615 0.16160816832407487 0.12669717025053373
1.2503538761287378 0.2776017042007983 0.15881455202323558 0.12440260655727142
1.2534954687823274 0.2741538980815412 0.15603909427399554 0.12212702447134038
1.2566370614359172 0.27070385221797366 0.15328210226348116 0.11987057030934434
1.259778654089507 0.2672520086257948 0.1505438783328783 0.11763338642164456
1.2629202467430969 0.2637988134200122 0.14782472001876146 0.11541561128317301
1.2660618393966867 0.26034471686939975 0.14512492009584488 0.11321737958340528
1.2692034320502765 0.25689017345386356 0.14244476661903427 0.11103882231392914
1.2723450247038663 0.2534356419237489 0.13978454296668197 0.10888006685509355
1.2754866173574562 0.2499815853617644 0.13714452788382747 0.10674123706083893
1.278628210011046 0.24652847124753752 0.13452499552575592 0.10462245334201636
1.2817698026646356 0.2430767715243669 0.1319262155022578 0.1025238327485023
1.2849113953182254 0.2396269626696772 0.12934845292121766 0.10044548904913775
1.2880529879718152 0.2361795257675361 0.12679196843335383 0.09838753281087476
1.291194580625405 0.23273494658473837 0.12425701827660074 0.09635007147606078
1.2943361732789949 0.22929371565016465 0.12174385432042589 0.09433320943809642
1.2974777659325847 0.2258563283370587 0.11925272411097243 0.09233704811618582
1.3006193585861745 0.22242328494961905 0.11678387091520337 0.090361686027848
1.3037609512397643 0.21899509081259927 0.11433753376602418 0.0884072188607048
1.306902543893354 0.2155722563653799 0.11191394750665262 0.08647373954228987
1.3100441365469437 0.21215529725972582 0.10951334283561032 0.08456133830894252
1.3131857292005336 0.2087447344622042 0.1071359463510273 0.08267010277284381
1.3163273218541234 0.20534109436117776 0.10478198059501764 0.08080011798780218
1.3194689145077132 0.20194490887823147 0.1024516640983042 0.07895146651395102
1.322610507161303 0.19855671558515553 0.10014521142406485 0.07712422848063394
1.3257520998148928 0.19517705782577321 0.09786283321208078 0.07531848164831079
1.3288936924684827 0.19180648484377105 0.09560473622242105 0.0735343014689569
1.3320352851220723 0.18844555191623824 0.09337112337894293 0.0717717611451949
1.335176877775662 0.18509482049324655 0.09116219381270785 0.07003093168825414
1.338318470429252 0.18175485834455873 0.08897814290476447 0.06831188197441485
1.3414600630828417 0.17842623971260974 0.08681916232909526 0.06661467880052108
1.3446016557364315 0.17510954547332247 0.08468544009485646 0.06493938693798196
1.3477432483900214 0.17180536330444918 0.08257716058839293 0.0632860691856294
1.3508848410436112 0.16851428786207778 0.08049450461506025 0.061654786421497576
1.354026433697201 0.16523692096567721 0.0784376494407435 0.06004559765346862
1.3571680263507908 0.16197387179283806 0.07640676883228359 0.058458560068225474
1.3603096190043804 0.15872575708287773 0.0744020330986439 0.05689372907991297
1.3634512116579702 0.1554932013512973 0.07242360913080992 0.055351158377027865
1.36659280431156 0.1522768371150276 0.07047166044143038 0.053830899968330126
1.3697343969651499 0.14907730512896133 0.068546347204272 0.052333004227849145
1.3728759896187397 0.14589525463477626 0.0666478262931669 0.05085751993877752
1.3760175822723295 0.1427313436231552 0.06477625131988995 0.04940449433584515
1.3791591749259193 0.13958623910868084 0.06293177267302408 0.047973973147761306
1.3823007675795091 0.13646061742073856 0.061114537554328496 0.04656600063711824
1.3854423602330987 0.13335516450880025 0.059324690016338 0.04518061964058484
1.3885839528866886 0.1302705762645049 0.05756237099882977 0.04381787160764361
1.3917255455402784 0.12720755886163593 0.05582771836425149 0.04247779663795903
1.3948671381938682 0.12416682911397414 0.054120866933781375 0.04116043351865528
1.398008730847458 0.12114911485364432 0.05244194852160522 0.039865819759715926
1.4011503235010478 0.11815515532988652 0.05079109196973075 0.03859399162926547
1.4042919161546377 0.11518570163046071 0.04916842318166248 0.0373449841874951
1.4074335088082275 0.11224151712706343 0.047574065155433054 0.03611883131962834
1.4105751014618173 0.109323377945298 0.04600813801669368 0.03491556576846877
1.413716694115407 0.10643207346236538 0.04447075905056508 0.03373521916557953
1.4168582867689967 0.10356840683264013 0.0429620427333397 0.03257782206192994
1.4199998794225865 0.1007331955439068 0.04148210076348491 0.031443403957613913
1.4231414720761764 0.09792727200566853 0.04003104209205244 0.03033199333073444
1.4262830647297662 0.09515148417153041 0.03860897295273391 0.029243617665660526
1.429424657383356 0.09240669619812669 0.037215996890664904 0.028178303479985622
1.4325662500369458 0.08969378914171733 0.035852214791614045 0.027136076351445215
1.4357078426905356 0.08701366169575442 0.034517724909841174 0.026116960943514123
1.4388494353441252 0.08436723097084098 0.03321262289561089 0.025120981030438916
1.441991027997715 0.08175543331957602 0.03193700182215853 0.0241481595215709
1.4451326206513049 0.07917922520844423 0.030690952211865685 0.02319851848483001
1.4482742133048947 0.07663958413866556 0.02947456206214305 0.022272079169686876
1.4514158059584845 0.07413750961820442 0.028287916870382013 0.021368862029195856
1.4545573986120743 0.0716740241863345 0.0271310996585572 0.02048888674153604
1.4576989912656642 0.06925017449236437 0.026004190997040766 0.019632172230729328
1.460840583919254 0.06686703242918712 0.024907269027834023 0.01879873668671328
1.4639821765728436 0.06452569632170624 0.023840409487339898 0.0179885975848757
1.4671237692264334 0.062227292169788395 0.02280368572822411 0.01720177170470505
1.4702653618800232 0.05997297494299714 0.021797168741205297 0.016438275148220605
1.473406954533613 0.0577639299247803 0.020820927175368986 0.01569812335712184
1.4765485471872029 0.05560137409909105 0.01987502735876001 0.014981331129990672
1.4796901398407927 0.05348655757242904 0.01895953331780076 0.014287912638466072
1.4828317324943825 0.05142076501930548 0.018074506796288414 0.013617881442962165
1.4859733251479723 0.049405317135549964 0.017220007273745175 0.012971250507773924
1.4891149178015621 0.04744157207890254 0.016396091983031713 0.012348032215506954
1.4922565104551517 0.0455309268691817 0.01560281592757784 0.011748238381108056
1.4953981031087415 0.043674818712980734 0.014840231897821798 0.011171880265196332
1.4985396957623314 0.04187472620757404 0.014108390487164169 0.010618968586934674
1.5016812884159212 0.04013217036714334 0.01340734010690392 0.01008951353604326
1.504822881069511 0.03844871539853978 0.01273712700114249 0.009583524784710917
1.5079644737231008 0.036825969138299275 0.01209779526070287 0.009101011498682698
1.5111060663766906 0.035265583040215986 0.011489386836416315 0.008641982347812327
1.5142476590302805 0.033769251579091275 0.010911941551977389 0.008206445516215854
1.51738925168387 0.0323387109087534 0.010365497115962352 0.007794408711743639
1.5205308443374599 0.03097573658011843 0.009850089133466522 0.007405879175113483
1.5236724369910497 0.02968214009217718 0.00936575111682103 0.007040863688297261
1.5268140296446395 0.028459764011790956 0.00891251449599828 0.006699368582637977
1.5299556222982293 0.027310475364829667 0.008490408628123003 0.006381399746248295
1.5330972149518192 0.026236156970463664 0.008099460806544556 0.006086962631048465
1.536238807605409 0.025238696372089642 0.007739696269359442 0.005816062259358823
1.5393804002589988 0.02431997201994829 0.007411138206784962 0.005568703229598793
1.5425219929125886 0.02348183639084489 0.007113807768809988 0.0053448897221710645
1.5456635855661782 0.022726095812924285 0.006847724071324723 0.005144625504184486
1.548805178219768 0.02205448690427536 0.00661290420229621 0.004967913934184942
1.5519467708733579 0.021468649763182857 0.006409363226780762 0.004814757966001171
1.5550883635269477 0.020970098366959178 0.0062371141918387 0.0046851601525039754
1.5582299561805375 0.02056018905060064 0.0060961681304072535 0.00457912264856386
1.5613715488341273 0.02024008841013325 0.005986534064814197 0.004496647213734661
1.5645131414877171 0.020010742445061513 0.005908219009536975 0.004437735214357641
1.567654734141307 0.019872849109128232 0.005861227973293914 0.004402387625155324
1.5707963267948966 0.01982683655332229 0.005845563960672706 0.004390605030471395
1.5739379194484864 0.019872849109136226 0.005861227973289473 0.004402387625151771
1.5770795121020762 0.020010742445065066 0.0059082190095263165 0.004437735214349203
1.580221104755666 0.020240088410141244 0.005986534064811533 0.004496647213732885
1.5833626974092558 0.02056018905060686 0.006096168130400592 0.004579122648558975
1.5865042900628457 0.020970098366974277 0.006237114191824489 0.004685160152493761
1.5896458827164355 0.021468649763184633 0.006409363226782094 0.004814757966002503
1.5927874753700253 0.022054486904262482 0.0066129042023068685 0.004967913934192936
1.595929068023615 0.022726095812901193 0.0068477240713553655 0.005144625504207578
1.5990706606772047 0.02348183639082757 0.007113807768831304 0.005344889722187496
1.6022122533307945 0.024319972019923863 0.0074111382068129394 0.005568703229619221
1.6053538459843844 0.025238696372081648 0.007739696269366103 0.005816062259363708
1.6084954386379742 0.02623615697044679 0.008099460806567205 0.00608696263106534
1.611637031291564 0.027310475364840325 0.008490408628111457 0.006381399746239413
1.6147786239451538 0.028459764011805166 0.008912514495972523 0.006699368582618437
1.6179202165987436 0.029682140092168297 0.009365751116833021 0.007040863688306143
1.6210618092523335 0.030975736580133528 0.0098500891334532 0.007405879175103713
1.624203401905923 0.0323387109087383 0.01036549711597523 0.007794408711753409
1.6273449945595129 0.0337692515790895 0.010911941551979165 0.008206445516216743
1.6304865872131027 0.03526558304021332 0.011489386836419868 0.008641982347814992
1.6336281798666925 0.036825969138311265 0.012097795260690436 0.009101011498673373
1.6367697725202823 0.0384487153985309 0.012737127001157145 0.009583524784721575
1.6399113651738721 0.04013217036714334 0.013407340106904808 0.010089513536044148
1.643052957827462 0.041874726207575375 0.014108390487166833 0.01061896858693645
1.6461945504810518 0.04367481871296963 0.014840231897837342 0.011171880265207879
1.6493361431346414 0.045530926869172816 0.015602815927592495 0.011748238381118714
1.6524777357882312 0.04744157207889632 0.016396091983046812 0.012348032215518057
1.655619328441821 0.04940531713555529 0.017220007273741178 0.012971250507770815
1.6587609210954108 0.051420765019310366 0.018074506796285306 0.013617881442959945
1.6619025137490007 0.05348655757244014 0.01895953331779543 0.01428791263846163
1.6650441064025905 0.05560137409910615 0.019875027358744024 0.014981331129979125
1.6681856990561803 0.057763929924770974 0.020820927175382753 0.0156981233571325
1.6713272917097701 0.05997297494300646 0.02179716874119464 0.01643827514821261
1.6744688843633597 0.06222729216976752 0.02280368572825653 0.017201771704729474
1.6776104770169495 0.06452569632168981 0.023840409487360326 0.017988597584890798
1.6807520696705394 0.06686703242919734 0.024907269027825585 0.018798736686707063
1.6838936623241292 0.06925017449236526 0.02600419099704121 0.019632172230729328
1.687035254977719 0.07167402418633939 0.027131099658554092 0.020488886741534262
1.6901768476313088 0.07413750961821997 0.028287916870364693 0.021368862029182978
1.6933184402848986 0.07663958413868466 0.029474562062129284 0.022272079169676218
1.6964600329384885 0.07917922520846332 0.03069095221183815 0.02319851848480914
1.6996016255920783 0.08175543331957424 0.031937001822162525 0.02414815952157401
1.7027432182456679 0.08436723097085741 0.03321262289559446 0.025120981030426925
1.7058848108992577 0.08701366169576596 0.034517724909829184 0.02611696094350524
1.7090264035528475 0.08969378914172044 0.035852214791611825 0.027136076351443883
1.7121679962064373 0.09240669619814401 0.03721599689065247 0.028178303479976297
1.7153095888600272 0.0951514841715313 0.03860897295273924 0.029243617665664523
1.718451181513617 0.09792727200565432 0.04003104209207553 0.03033199333075176
1.7215927741672068 0.1007331955439077 0.04148210076349024 0.031443403957617466
1.7247343668207966 0.10356840683264323 0.04296204273333881 0.032577822061929496
1.7278759594743862 0.10643207346236405 0.04447075905057485 0.03373521916558708
1.731017552127976 0.1093233779453211 0.046008138016673694 0.03491556576845367
1.7341591447815659 0.11224151712705277 0.0475740651554446 0.036118831319637223
1.7373007374351557 0.11518570163047315 0.049168423181650045 0.03734498418748622
1.7404423300887455 0.11815515532988341 0.05079109196974407 0.03859399162927524
1.7435839227423353 0.12114911485364299 0.05244194852161099 0.03986581975972037
1.7467255153959251 0.12416682911398436 0.0541208669337756 0.04116043351865084
1.749867108049515 0.12720755886164126 0.05582771836425415 0.04247779663796125
1.7530087007031048 0.13027057626452265 0.05756237099881378 0.04381787160763162
1.7561502933566944 0.13335516450882068 0.05932469001632734 0.04518061964057685
1.7592918860102842 0.13646061742074833 0.06111453755432761 0.0465660006371178
1.762433478663874 0.13958623910870172 0.06293177267300054 0.04797397314774399
1.7655750713174638 0.14273134362316675 0.06477625131989129 0.04940449433584604
1.7687166639710536 0.14589525463480557 0.06664782629314381 0.0508575199387602
1.7718582566246435 0.14907730512896222 0.06854634720427377 0.05233300422785092
1.7749998492782333 0.15227683711500406 0.07047166044145436 0.053830899968347445
1.778141441931823 0.15549320135132216 0.0724236091307855 0.05535115837700921
1.7812830345854127 0.15872575708288927 0.0744020330986288 0.05689372907990142
1.7844246272390025 0.16197387179284473 0.07640676883228092 0.0584585600682237
1.7875662198925923 0.16523692096569542 0.07843764944072129 0.06004559765345174
1.7907078125461822 0.16851428786208444 0.0804945046150558 0.06165478642149447
1.793849405199772 0.17180536330445495 0.08257716058839382 0.06328606918563029
1.7969909978533618 0.17510954547332114 0.08468544009485068 0.06493938693797796
1.8001325905069516 0.17842623971263105 0.08681916232907927 0.06661467880050909
1.8032741831605414 0.1817548583445494 0.0889781429047849 0.06831188197442994
1.806415775814131 0.18509482049325587 0.09116219381270163 0.0700309316882497
1.8095573684677209 0.18844555191623868 0.09337112337894737 0.07177176114519801
1.8126989611213107 0.19180648484376395 0.09560473622244148 0.07353430146897288
1.8158405537749005 0.1951770578257821 0.09786283321207279 0.07531848164830457
1.8189821464284903 0.19855671558514887 0.10014521142407862 0.07712422848064415
1.8221237390820801 0.20194490887824124 0.1024516640982962 0.07895146651394525
1.82526533173567 0.20534109436116932 0.1047819805950354 0.0808001179878155
1.8284069243892598 0.20874473446220598 0.10713594635102819 0.0826701027728447
1.8315485170428496 0.21215529725972093 0.1095133428356232 0.0845613383089523
1.8346901096964392 0.2155722563653928 0.11191394750664019 0.08647373954228055
1.837831702350029 0.21899509081259172 0.11433753376603528 0.08840721886071368
1.8409732950036188 0.2224232849496155 0.11678387091521891 0.09036168602785999
1.8441148876572087 0.22585632833704805 0.11925272411099197 0.09233704811620091
1.8472564803107985 0.2292937156501491 0.1217438543204552 0.09433320943811863
1.8503980729643883 0.23273494658472993 0.12425701827661895 0.09635007147607455
1.8535396656179781 0.2361795257675383 0.12679196843336005 0.09838753281087964
1.856681258271568 0.2396269626696692 0.12934845292123853 0.10044548904915329
1.8598228509251575 0.2430767715243416 0.13192621550229644 0.10252383274853161
1.8629644435787474 0.24652847124754906 0.13452499552574615 0.10462245334200926
1.8661060362323372 0.2499815853617835 0.1371445278838106 0.1067412370608265
1.869247628885927 0.25343564192374624 0.1397845429666904 0.10888006685510021
1.8723892215395168 0.25689017345387777 0.14244476661902405 0.11103882231392204
1.8755308141931066 0.26034471686938554 0.1451249200958733 0.11321737958342659
1.8786724068466965 0.26379881342000777 0.14782472001877434 0.11541561128318278
1.8818139995002863 0.26725200862579035 0.15054387833288807 0.11763338642165211
1.884955592153876 0.2707038522179861 0.15328210226347405 0.11987057030933901
1.8880971848074657 0.2741538980815692 0.15603909427396356 0.12212702447131685
1.8912387774610555 0.2776017042008223 0.15881455202321382 0.12440260655725544
1.8943803701146453 0.2810468326064175 0.1616081683241033 0.1266971702505555
1.8975219627682351 0.28448884932475593 0.16441963110239532 0.12901056517573517
1.900663555421825 0.2879273243292366 0.1672486233563628 0.13134263680441105
1.9038051480754148 0.29136183149377626 0.17009482311647117 0.13369322635930825
1.9069467407290046 0.2947919485472852 0.1729579034068358 0.13606217071755156
1.9100883333825944 0.29821725703098245 0.1758375322059309 0.1384493023113107
1.913229926036184 0.3016373422562326 0.17873337240977882 0.14085444902820488
1.9163715186897738 0.30505179326486154 0.18164508179466754 0.1432774341091969
1.9195131113433637 0.30846020279049213 0.184572312981512 0.14571807604555786
1.9226547039969535 0.3118621672216304 0.18751471340085946 0.14817618847411218
1.9257962966505433 0.3152572865658252 0.19047192525918577 0.15065158007121981
1.9289378893041331 0.31864516441557544 0.19344358550608565 0.15314405444518986
1.932079481957723 0.3220254079150928 0.1964293258029257 0.15565341002751332
1.9352210746113128 0.3253976277287345 0.19942877249242752 0.15817943996250206
1.9383626672649024 0.32876143801029833 0.2024415465698044 0.16072193199578955
1.9415042599184922 0.33211645637359144 0.20546726365516665 0.1632806683614496
1.944645852572082 0.33546230386420905 0.2085055339674473 0.16585542566793654
1.9477874452256718 0.33879860493204594 0.2115559622999288 0.16844597478286394
1.9509290378792616 0.3421249874052825 0.21461814799714052 0.17105208071647082
1.9540706305328515 0.34544108246495764 0.21769168493377178 0.17367350250425018
1.9572122231864413 0.3487465246205339 0.22077616149526413 0.17630999308847395
1.960353815840031 0.3520409516866896 0.22387116056002165 0.17896129919859538
1.963495408493621 0.3553240047606594 0.22697625948384026 0.1816271612309759
1.9666370011472105 0.3585953282004408 0.23009103008627685 0.18430731312773707
1.9697785938008003 0.3618545696038904 0.233215038639198 0.18700148225495417
1.9729201864543902 0.36510137978872814 0.23634784585716906 0.18970938927993375
1.97606177910798 0.368335412772947 0.23948900689072206 0.19243074804840798
1.9792033717615698 0.3715563257563801 0.24263807132138915 0.19516526546083357
1.9823449644151596 0.37476377910237835 0.24579458315980274 0.19791264134879505
1.9854865570687494 0.37795743632093926 0.24895808084566484 0.20067256835070202
1.9886281497223393 0.3811369640516138 0.25212809725110663 0.20344473178792066
1.9917697423759289 0.38430203204783053 0.25530415968606146 0.20622880954041056
1.9949113350295187 0.387452313161313 0.25848578990709914 0.20902447192299878
1.9980529276831085 0.390587483327244 0.261672504128728 0.2118313815616082
2.0011945203366985 0.3937072215497146 0.2648638130383554 0.21464919327044463
2.004336112990288 0.3968112098885954 0.2680592218132114 0.21747755392893353
2.0074777056438777 0.3998991334455706 0.27125823014189354 0.22031610236049648
2.0106192982974678 0.40297068035182937 0.2744603322484602 0.22316446921176425
2.0137608909510574 0.4060255417557479 0.2776650169197574 0.22602227683277265
2.0169024836046474 0.4090634118110761 0.2808717675368606 0.22888913915901377
2.020044076258237 0.41208398766542675 0.2840800621098256 0.23176466159479947
2.023185668911827 0.41508696944960777 0.28728937331631066 0.23464844089858294
2.0263272615654166 0.4180720602670327 0.290499168543485 0.23754006506983627
2.0294688542190067 0.42103896618364933 0.29370890993478893 0.2404391132389727
2.0326104468725963 0.423987396218239 0.2969180544398302 0.243345155559056
2.035752039526186 0.42691706233302673 0.300126053869064 0.24625775310083453
2.038893632179776 0.42982767942486033 0.3033323549520799 0.2491764577503317
2.0420352248333655 0.4327189653164072 0.30653639940085364 0.2521008121102897
2.0451768174869556 0.4355906407481429 0.3097376239766447 0.25503034940463953
2.048318410140545 0.43844242937021916 0.31293546056218124 0.257964593387519
2.051460002794135 0.4412740577348271 0.31612933623772 0.26090305825595284
2.054601595447725 0.4440852552891714 0.3193186733622779 0.2638452485675393
2.0577431881013144 0.44687575436790405 0.32250288965947815 0.2667906591628415
2.0608847807549044 0.44964529018694943 0.32568139830810505 0.2697387750930149
2.064026373408494 0.45239360083660873 0.32885360803774466 0.2726890715530845
2.067167966062084 0.4551204272756624 0.3320189232293518 0.27564101382119555
2.0703095587156737 0.4578255133251887 0.33517674402103825 0.27859405720429287
2.0734511513692637 0.46050860566291574 0.33832646641887765 0.2815476469904543
2.0765927440228533 0.4631694538179003 0.3414674824128747 0.28450121840833376
2.0797343366764434 0.46580781016522455 0.344599180098506 0.28745419659437577
2.082875929330033 0.4684234299206693 0.3477209438034463 0.29040599656784405
2.0860175219836226 0.47101607113660826 0.35083215421940084 0.29335602321410503
2.0891591146372126 0.4735854946965805 0.35393218854035347 0.29630367127739765
2.092300707290802 0.47613146431153375 0.3570204206051337 0.29924832536204615
2.0954422999443922 0.4786537465154135 0.36009622104635186 0.30218935994400953
2.098583892597982 0.4811521106610521 0.36315895744473226 0.30512613939247846
2.101725485251572 0.48362632891636226 0.36620799448904684 0.3080580180021304
2.1048670779051615 0.4860761762608461 0.3692426941416036 0.31098434003645803
2.1080086705587515 0.4885014304818345 0.3722624158098191 0.31390443978300286
2.111150263212341 0.49090187217133874 0.37526651652285725 0.3168176416201933
2.1142918558659307 0.493277284722792 0.3782543511145273 0.3197232600972022
2.1174334485195208 0.49562745432798483 0.3812252724116503 0.3226206000266556
2.1205750411731104 0.4979521699742815 0.384178631428147 0.3255089565908986
2.1237166338267004 0.5002512234417815 0.38711377756462273 0.32838761546208106
2.12685822648029 0.5025244093005603 0.3900300588143524 0.33125585293734794
2.12999981913388 0.5047715249085432 0.39292682197360307 0.3341129360879047
2.1331414117874696 0.5069923704087835 0.39580341285878884 0.33695812292446314
2.1362830044410592 0.5091867487273576 0.3986591765286316 0.3397906625781295
2.1394245970946493 0.5113544655711904 0.4014934575117115 0.3426097954974563
2.142566189748239 0.5134953294261706 0.4043056000395566 0.34541475366233687
2.145707782401829 0.515609151555001 0.4070949482852342 0.3482047608150851
2.1488493750554185 0.5176957459954497 0.4098608466071654 0.35097903270904585
2.1519909677090086 0.5197549295588626 0.41260263979759015 0.35373677737464604
2.155132560362598 0.5217865218281386 0.4153196733370952 0.35647719540447076
2.158274153016188 0.5237903451564181 0.418011293653203 0.3591994802562075
2.161415745669778 0.5257662246657682 0.42067684838409614 0.3619028185747202
2.1645573383233674 0.5277139882454405 0.4233156866473542 0.3645863905334594
2.1676989309769574 0.5296334665510498 0.4259271593125358 0.3672493701947652
2.170840523630547 0.5315244930029119 0.4285106192790269 0.3698909258903904
2.173982116284137 0.5333869037851411 0.43106542175748297 0.3725102206213289
2.1771237089377267 0.5352205378446353 0.4335909245554759 0.37510641247764287
2.1802653015913167 0.537025236889892 0.436086488367152 0.3776786550783733
2.1834068942449063 0.5388008453902575 0.4385514770665777 0.38022609803155616
2.1865484868984963 0.5405472105749056 0.4409852580042948 0.3827478874139909
2.189690079552086 0.5422641824321017 0.4433872023075134 0.3852431662713922
2.1928316722056755 0.5439516137084182 0.44575668518304745 0.38771107513815517
2.1959732648592656 0.5456093599080152 0.44809308622311006 0.3901507525769343
2.199114857512855 0.5472372792920672 0.45039578971374583 0.39256133573785146
2.2022564501664452 0.5488352328779791 0.45266418494546423 0.3949419609368485
2.205398042820035 0.5504030844390049 0.454897666525953 0.397291764253092
2.208539635473625 0.551940700503724 0.4570956346944417 0.39960988214480464
2.2116812281272145 0.5534479503554661 0.459257495637698 0.40189545208332644
2.2148228207808045 0.554924706031763 0.4613826618070882 0.4041476132046502
2.217964413434394 0.5563708423244051 0.46347055223639355 0.4063655069779415
2.2211060060879837 0.5577862367784601 0.4655205928605173 0.4085482778904974
2.2242475987415737 0.5591707696925536 0.46753221683396884 0.4106950741481019
2.2273891913951633 0.5605243241181053 0.4695048648497493 0.4128050483904451
2.2305307840487534 0.5618467858593643 0.47143798545743687 0.4148773584202696
2.233672376702343 0.5631380434728088 0.47333103538086574 0.4169111679457216
2.236813969355933 0.5643979882675052 0.47518347983417186 0.41890564733438973
2.2399555620095226 0.5656265143044821 0.47699479283701285 0.4208599743786521
2.243097154663112 0.5668235183965153 0.4787644575277401 0.4227733350706573
2.2462387473167023 0.5679889001082694 0.48049196647416315 0.42464492438571977
2.249380339970292 0.5691225617561164 0.48217682198207346 0.42647394707321284
2.252521932623882 0.5702244084079573 0.48381853640086403 0.4282596184534051
2.2556635252774715 0.571294347883093 0.4854166324258409 0.4300011652188269
2.2588051179310615 0.5723322907521653 0.48697064339695695 0.4316978262387998
2.261946710584651 0.5733381503373614 0.48848011359329657 0.4333488533653802
2.265088303238241 0.5743118427119511 0.48994459852373007 0.434953512239705
2.2682298958918308 0.5752532867005757 0.49136366521228547 0.4365110830964132
2.2713714885454204 0.5761624038792377 0.49273689247868147 0.4380208615650303
2.2745130811990104 0.577039118575037 0.49406387121355166 0.4394821594665492
2.2776546738526 0.5778833578663751 0.4953442046475085 0.44089430560317533
2.28079626650619 0.5786950515830176 0.4965775086141737 0.4422566465398239
2.2839378591597796 0.5794741323059398 0.49776341180682016 0.4435685473755844
2.2870794518133697 0.5802205353674408 0.49890155602788644 0.44482939250311304
2.2902210444669593 0.580934198851133 0.4999915964314119 0.44603858635443894
2.2933626371205493 0.5816150635921042 0.5010332017577936 0.4471955541312216
2.296504229774139 0.5822630731767671 0.5020260545608033 0.44829974251781524
2.2996458224277285 0.5828781739432478 0.5029698514260792 0.4493506203751143
2.3027874150813186 0.5834603149808548 0.5038643031817132 0.450347679413988
2.305929007734908 0.5840094481306055 0.5047091350992674 0.45129043484571874
2.309070600388498 0.584525527985142 0.5055040870860994 0.45217842600848845
2.312212193042088 0.5850085118889319 0.5062489138680792 0.4530112169678615
2.315353785695678 0.5854583599377321 0.5069433851632175 0.4537883970901704
2.3184953783492674 0.5858750349794857 0.5075872858442407 0.4545095815861169
2.321636971002857 0.5862585026136049 0.5081804160922956 0.45517441202472897
2.324778563656447 0.5866087311917192 0.5087225915390823 0.4557825568145799
2.3279201563100367 0.5869256918169836 0.5092136433995065 0.4563337116524915
2.3310617489636267 0.5872093583447247 0.5096534185925039 0.45682759993700417
2.3342033416172163 0.5874597073821 0.5100417798516301 0.45726397314664347
2.3373449342708064 0.5876767182883187 0.5103786058240685 0.4576426111811065
2.340486526924396 0.5878603731747916 0.5106637911583713 0.45796332266469175
2.343628119577986 0.5880106569047028 0.5108972465812047 0.45822594521137816
2.3467697122315756 0.5881275570934301 0.5110788989619239 0.45843034565008134
2.349911304885165 0.5882110641086591 0.5112086913656606 0.45857642020992406
2.3530528975387552 0.5882611710699002 0.5112865830951829 0.45866409466523805
2.356194490192345 0.5882778738489427 0.5113125497202091 0.45869332443902167
2.359336082845935 0.5882611710698868 0.511286583095194 0.45866409466524605
2.3624776754995245 0.58821106410866 0.5112086913656606 0.45857642020992406
2.3656192681531145 0.5881275570934292 0.511078898961927 0.458430345650084
2.368760860806704 0.5880106569047046 0.5108972465812047 0.45822594521137816
2.371902453460294 0.5878603731747876 0.510663791158378 0.45796332266469664
2.3750440461138838 0.5876767182883169 0.5103786058240778 0.4576426111811145
2.3781856387674734 0.5874597073821213 0.5100417798516181 0.4572639731466368
2.3813272314210634 0.5872093583447207 0.5096534185925123 0.4568275999370117
2.384468824074653 0.586925691816989 0.5092136433995069 0.45633371165249326
2.387610416728243 0.5866087311917254 0.508722591539085 0.4557825568145839
2.3907520093818326 0.5862585026136107 0.5081804160922996 0.4551744120247343
2.3938936020354227 0.5858750349794875 0.5075872858442443 0.45450958158612087
2.3970351946890123 0.5854583599377432 0.5069433851632148 0.4537883970901704
2.400176787342602 0.5850085118889394 0.5062489138680779 0.45301121696786195
2.403318379996192 0.5845255279851438 0.5055040870861061 0.452178426008496
2.4064599726497815 0.5840094481306113 0.5047091350992692 0.4512904348457223
2.4096015653033716 0.5834603149808575 0.5038643031817167 0.450347679413992
2.412743157956961 0.5828781739432571 0.5029698514260765 0.4493506203751134
2.415884750610551 0.5822630731767795 0.5020260545608055 0.4482997425178201
2.419026343264141 0.5816150635921127 0.5010332017577941 0.4471955541312238
2.422167935917731 0.5809341988511383 0.4999915964314088 0.44603858635443716
2.4253095285713204 0.580220535367447 0.4989015560278798 0.44482939250310816
2.42845112122491 0.5794741323059549 0.4977634118068148 0.4435685473755826
2.4315927138785 0.578695051583018 0.4965775086141848 0.4422566465398341
2.4347343065320897 0.5778833578663782 0.4953442046475143 0.4408943056031811
2.4378758991856797 0.5770391185750414 0.49406387121355344 0.4394821594665519
2.4410174918392693 0.5761624038792466 0.49273689247867836 0.4380208615650294
2.4441590844928593 0.5752532867005744 0.4913636652122979 0.43651108309642517
2.447300677146449 0.5743118427119533 0.48994459852373673 0.4349535122397117
2.450442269800039 0.5733381503373716 0.488480113593297 0.43334885336538287
2.4535838624536286 0.5723322907521817 0.48697064339695517 0.4316978262388025
2.456725455107218 0.5712943478830899 0.4854166324258542 0.43000116521883935
2.4598670477608082 0.5702244084079666 0.48381853640086714 0.42825961845340954
2.463008640414398 0.5691225617561311 0.48217682198208767 0.42647394707322883
2.466150233067988 0.5679889001082761 0.48049196647417025 0.42464492438572776
2.4692918257215775 0.5668235183965131 0.47876445752775965 0.42277333507067505
2.4724334183751675 0.5656265143044701 0.4769947928370333 0.42085997437866896
2.475575011028757 0.5643979882675123 0.4751834798341874 0.41890564733440616
2.4787166036823467 0.5631380434728057 0.47333103538088395 0.41691116794573846
2.4818581963359367 0.5618467858593514 0.47143798545744575 0.4148773584202754
2.4849997889895263 0.5605243241181066 0.46950486484975995 0.4128050483904553
2.4881413816431164 0.5591707696925576 0.4675322168339724 0.4106950741481059
2.491282974296706 0.5577862367784716 0.4655205928605226 0.40854827789050496
2.494424566950296 0.556370842324406 0.46347055223639577 0.40636550697794416
2.4975661596038856 0.5549247060317639 0.4613826618071011 0.40414761320466175
2.5007077522574757 0.5534479503554501 0.45925749563770735 0.4018954520833322
2.5038493449110653 0.5519407005037196 0.4570956346944639 0.3996098821448246
2.506990937564655 0.5504030844389978 0.45489766652597297 0.39729176425310975
2.510132530218245 0.5488352328779822 0.4526641849454629 0.3949419609368481
2.5132741228718345 0.547237279292081 0.4503957897137316 0.39256133573784124
2.5164157155254245 0.5456093599080112 0.44809308622312916 0.3901507525769512
2.519557308179014 0.5439516137084213 0.44575668518305767 0.38771107513816494
2.522698900832604 0.5422641824320809 0.44338720230754713 0.38524316627141975
2.5258404934861938 0.5405472105748821 0.44098525800431965 0.38274788741400956
2.528982086139784 0.5388008453902473 0.4385514770665999 0.38022609803157437
2.5321236787933734 0.5370252368898667 0.43608648836719155 0.37767865507840526
2.535265271446963 0.5352205378446135 0.43359092455550163 0.3751064124776624
2.538406864100553 0.5333869037851211 0.4310654217575123 0.372510220621352
2.5415484567541426 0.531524493002911 0.4285106192790469 0.3698909258904082
2.5446900494077327 0.529633466551017 0.42592715931257885 0.36724937019479853
2.5478316420613223 0.5277139882454129 0.4233156866473977 0.36458639053349406
2.5509732347149123 0.5257662246657446 0.4206768483841361 0.36190281857475215
2.554114827368502 0.5237903451563897 0.4180112936532465 0.35919948025624215
2.557256420022092 0.5217865218280893 0.4153196733371538 0.3564771954045147
2.5603980126756816 0.5197549295588391 0.4126026397976301 0.353736777374678
2.563539605329271 0.5176957459954177 0.409860846607216 0.3509790327090858
2.566681197982861 0.5156091515549899 0.40709494828526216 0.34820476081510776
2.569822790636451 0.513495329426152 0.4043056000395939 0.3454147536623675
2.572964383290041 0.5113544655711477 0.40149345751177945 0.34260979549751047
2.5761059759436304 0.50918674872735 0.39865917652865424 0.3397906625781486
2.5792475685972205 0.5069923704087609 0.3958034128588226 0.3369581229244898
2.58238916125081 0.5047715249084987 0.3929268219736568 0.3341129360879451
2.5855307539043997 0.5025244093005634 0.3900300588143577 0.33125585293735327
2.5886723465579897 0.5002512234417993 0.38711377756462184 0.3283876154620833
2.5918139392115793 0.49795216997422287 0.3841786314282225 0.32550895659095636
2.5949555318651694 0.49562745432798083 0.38122527241168 0.32262060002668136
2.598097124518759 0.49327728472277066 0.37825435111455796 0.3197232600972266
2.601238717172349 0.49090187217130854 0.37526651652290743 0.31681764162023285
2.6043803098259386 0.4885014304818216 0.372262415809848 0.3139044397830264
2.6075219024795286 0.48607617626083055 0.36924269414163824 0.31098434003648645
2.6106634951331182 0.4836263289162841 0.36620799448913877 0.3080580180021997
2.613805087786708 0.48115211066103525 0.36315895744476157 0.30512613939250155
2.616946680440298 0.4786537465153673 0.3600962210464176 0.3021893599440606
2.6200882730938875 0.47613146431148756 0.35702042060519945 0.2992483253620972
2.6232298657474775 0.4735854946965241 0.35393218854042185 0.2963036712774496
2.626371458401067 0.4710160711365443 0.3508321542194657 0.29335602321415255
2.629513051054657 0.46842342992060715 0.34772094380352536 0.2904059965679049
2.6326546437082468 0.4658078101651788 0.34459918009856594 0.2874541965944215
2.635796236361837 0.4631694538178843 0.3414674824129298 0.28450121840837816
2.6389378290154264 0.46050860566291973 0.3383264664188892 0.28154764699046453
2.642079421669016 0.45782551332517274 0.3351767440210631 0.27859405720431196
2.645221014322606 0.45512042727558244 0.33201892322945126 0.2756410138212715
2.6483626069761956 0.4523936008365599 0.32885360803781927 0.27268907155314226
2.6515041996297857 0.4496452901868788 0.3256813983081983 0.2697387750930864
2.6546457922833753 0.44687575436789606 0.32250288965951146 0.26679065916286815
2.6577873849369653 0.4440852552891106 0.31931867336235387 0.2638452485675966
2.660928977590555 0.44127405773483197 0.31612933623773376 0.2609030582559648
2.6640705702441445 0.4384424293701623 0.31293546056224564 0.2579645933875674
2.6672121628977346 0.43559064074812825 0.30973762397669224 0.2550303494046777
2.670353755551324 0.4327189653163406 0.3065363994009491 0.25210081211036295
2.673495348204914 0.4298276794248208 0.3033323549521385 0.24917645775037656
2.676636940858504 0.42691706233300986 0.3001260538691035 0.24625775310086562
2.679778533512094 0.4239873962182297 0.2969180544398644 0.24334515555908354
2.6829201261656834 0.4210389661835956 0.2937089099348693 0.240439113239034
2.6860617188192735 0.4180720602669945 0.29049916854354585 0.23754006506988334
2.689203311472863 0.415086969449582 0.2872893733163311 0.2346484408985976
2.6923449041264527 0.4120839876654365 0.28408006210983494 0.2317646615948079
2.6954864967800427 0.40906341181104544 0.28087176753690146 0.22888913915904485
2.6986280894336323 0.4060255417557297 0.27766501691978984 0.22602227683279752
2.7017696820872223 0.4029706803518578 0.2744603322484478 0.22316446921175626
2.704911274740812 0.3998991334456008 0.27125823014187755 0.22031610236048538
2.708052867394402 0.3968112098885399 0.2680592218132807 0.2174775539289855
2.7111944600479916 0.39370722154970883 0.26486381303837847 0.21464919327046283
2.7143360527015816 0.39058748332722226 0.2616725041287613 0.2118313815616335
2.7174776453551712 0.3874523131612708 0.258485789907152 0.2090244719230383
2.720619238008761 0.38430203204778834 0.25530415968611697 0.2062288095404523
2.723760830662351 0.3811369640515285 0.25212809725119323 0.20344473178798506
2.7269024233159405 0.37795743632091483 0.2489580808457026 0.20067256835073088
2.7300440159695305 0.3747637791023326 0.24579458315986713 0.19791264134884434
2.73318560862312 0.3715563257563441 0.24263807132144377 0.19516526546087531
2.73632720127671 0.3683354127729106 0.23948900689077313 0.19243074804844706
2.7394687939302997 0.3651013797887024 0.23634784585720192 0.18970938927995862
2.7426103865838893 0.3618545696038393 0.2332150386392664 0.18700148225500568
2.7457519792374794 0.3585953282004639 0.23009103008625464 0.18430731312772108
2.748893571891069 0.35532400476060877 0.22697625948391087 0.18162716123102918
2.752035164544659 0.3520409516866563 0.22387116056008205 0.178961299198642
2.7551767571982486 0.3487465246204735 0.2207761614953494 0.17630999308853834
2.7583183498518387 0.3454410824648999 0.21769168493384639 0.17367350250430658
2.7614599425054283 0.34212498740523456 0.2146181479972178 0.17105208071652944
2.7646015351590183 0.33879860493198466 0.2115559622999985 0.1684459747829159
2.767743127812608 0.33546230386411713 0.20850553396755434 0.16585542566801692
2.7708847204661975 0.33211645637356035 0.20546726365522394 0.16328066836149357
2.7740263131197875 0.32876143801024327 0.202441546569875 0.1607219319958424
2.777167905773377 0.32539762772869674 0.1994287724924737 0.1581794399625367
2.780309498426967 0.3220254079150644 0.1964293258029759 0.1556534100275515
2.7834510910805568 0.31864516441551993 0.19344358550615182 0.1531440544452396
2.786592683734147 0.3152572865657546 0.1904719252592857 0.15065158007129487
2.7897342763877364 0.31186216722160953 0.18751471340089942 0.14817618847414238
2.7928758690413265 0.3084602027904557 0.18457231298157373 0.1457180760456045
2.796017461694916 0.305051793264814 0.18164508179471994 0.143277434109236
2.7991590543485056 0.30163734225614247 0.1787333724098783 0.14085444902827904
2.8023006470020957 0.2982172570309505 0.17583753220597753 0.13844930231134578
2.8054422396556853 0.29479194854721147 0.17295790340693173 0.1360621707176235
2.8085838323092753 0.2913618314937483 0.1700948231165227 0.13369322635934733
2.811725424962865 0.28792732432921087 0.1672486233564041 0.13134263680444214
2.814867017616455 0.28448884932472707 0.16441963110243174 0.12901056517576226
2.8180086102700446 0.28104683260639707 0.16160816832413172 0.12669717025057725
2.8211502029236346 0.2776017042007699 0.15881455202329553 0.12440260655731716
2.824291795577224 0.274153898081511 0.15603909427405593 0.12212702447138657
2.827433388230814 0.27070385221794835 0.15328210226352823 0.11987057030937986
2.830574980884404 0.26725200862572995 0.150543878332972 0.11763338642171473
2.8337165735379934 0.263798813419982 0.1478247200188152 0.11541561128321343
2.8368581661915835 0.26034471686934735 0.14512492009592037 0.11321737958346167
2.839999758845173 0.2568901734538316 0.14244476661908045 0.11103882231396422
2.843141351498763 0.2534356419237196 0.1397845429667144 0.10888006685511797
2.8462829441523527 0.24998158536170978 0.13714452788391274 0.10674123706090377
2.8494245368059423 0.24652847124750865 0.134524995525799 0.10462245334204834
2.8525661294595324 0.24307677152427765 0.1319262155023755 0.10252383274859111
2.855707722113122 0.23962696266960704 0.12934845292131225 0.1004454890492088
2.858849314766712 0.23617952576747747 0.12679196843343332 0.09838753281093426
2.8619909074203016 0.23273494658465887 0.1242570182767011 0.09635007147613628
2.8651325000738916 0.22929371565013756 0.12174385432046897 0.09433320943812928
2.8682740927274812 0.22585632833701696 0.11925272411102839 0.092337048116228
2.8714156853810713 0.2224232849495813 0.11678387091525044 0.09036168602788353
2.874557278034661 0.2189950908125189 0.11433753376612454 0.08840721886078029
2.8776988706882505 0.21557225636535504 0.11191394750668548 0.08647373954231474
2.8808404633418405 0.21215529725969606 0.10951334283564984 0.08456133830897228
2.88398205599543 0.20874473446216246 0.10713594635108459 0.08267010277288689
2.88712364864902 0.20534109436113512 0.10478198059507537 0.08080011798784525
2.8902652413026098 0.20194490887820038 0.10245166409834328 0.07895146651398033
2.8934068339562 0.19855671558511157 0.10014521142412836 0.07712422848068146
2.8965484266097894 0.19517705782572703 0.09786283321213896 0.07531848164835431
2.8996900192633794 0.19180648484371776 0.09560473622249877 0.07353430146901552
2.902831611916969 0.18844555191619516 0.09337112337900333 0.07177176114523975
2.9059732045705586 0.1850948204931866 0.09116219381278468 0.07003093168831187
2.9091147972241487 0.18175485834450855 0.08897814290483907 0.0683118819744708
2.9122563898777383 0.17842623971257954 0.08681916232913522 0.06661467880055083
2.9153979825313283 0.17510954547325053 0.08468544009493462 0.06493938693804058
2.918539575184918 0.17180536330439766 0.08257716058846487 0.06328606918568358
2.921681167838508 0.1685142878620547 0.08049450461509089 0.061654786421520225
2.9248227604920976 0.16523692096559817 0.07843764944084208 0.06004559765354234
2.927964353145687 0.16197387179277234 0.07640676883236219 0.05845856006828454
2.931105945799277 0.1587257570828351 0.07440203309868831 0.056893729079946276
2.934247538452867 0.1554932013512329 0.07242360913089119 0.05535115837708826
2.937389131106457 0.15227683711496454 0.07047166044150233 0.05383089996838386
2.9405307237600464 0.14907730512891826 0.0685463472043244 0.05233300422788867
2.9436723164136365 0.14589525463468878 0.06664782629327615 0.05085751993885923
2.946813909067226 0.14273134362312767 0.0647762513199317 0.04940449433587668
2.949955501720816 0.13958623910864576 0.06293177267306627 0.04797397314779328
2.9530970943744057 0.13646061742066307 0.06111453755443108 0.04656600063719507
2.9562386870279953 0.13335516450878293 0.0593246900163682 0.04518061964060793
2.9593802796815853 0.13027057626444005 0.057562370998915924 0.04381787160770845
2.962521872335175 0.1272075588615733 0.05582771836432432 0.04247779663801321
2.965663464988765 0.12416682911388666 0.05412086693387996 0.041160433518728556
2.9688050576423546 0.1211491148535786 0.05244194852168471 0.039865819759775434
2.9719466502959446 0.11815515532982568 0.05079109196980136 0.03859399162931787
2.9750882429495342 0.11518570163038744 0.04916842318175263 0.0373449841875626
2.9782298356031243 0.11224151712700658 0.04757406515549789 0.03611883131967719
2.981371428256714 0.10932337794526159 0.04600813801673853 0.03491556576850208
2.9845130209103035 0.10643207346232186 0.04447075905061215 0.033735219165614616
2.9876546135638935 0.10356840683259128 0.04296204273338233 0.032577822061961914
2.990796206217483 0.1007331955438433 0.04148210076356307 0.03144340395767253
2.993937798871073 0.09792727200564855 0.04003104209206754 0.030331993330746432
2.9970793915246627 0.09515148417145758 0.03860897295282628 0.029243617665729804
3.000220984178253 0.09240669619807251 0.03721599689073596 0.028178303480038913
3.0033625768318424 0.08969378914166759 0.035852214791674886 0.027136076351490956
3.006504169485432 0.08701366169568292 0.03451772490992333 0.02611696094357585
3.009645762139022 0.08436723097076504 0.033212622895698374 0.02512098103050464
3.0127873547926116 0.08175543331949964 0.03193700182224957 0.02414815952163929
3.0159289474462017 0.07917922520836562 0.03069095221195628 0.023198518484897512
3.0190705400997913 0.07663958413857763 0.029474562062250964 0.022272079169767256
3.0222121327533813 0.07413750961814358 0.028287916870453067 0.021368862029249147
3.025353725406971 0.07167402418629187 0.027131099658612268 0.020488886741577783
3.028495318060561 0.06925017449231197 0.026004190997098053 0.01963217223077196
3.0316369107141505 0.06686703242913472 0.02490726902788909 0.018798736686755024
3.03477850336774 0.06452569632165472 0.023840409487402958 0.017988597584922772
3.03792009602133 0.062227292169734216 0.022803685728287615 0.017201771704752566
3.0410616886749198 0.05997297494295717 0.02179716874124349 0.016438275148249026
3.04420328132851 0.05776392992471857 0.020820927175444037 0.01569812335717824
3.0473448739820994 0.05560137409903865 0.01987502735882396 0.014981331130038633
3.0504864666356895 0.05348655757237708 0.018959533317850052 0.014287912638502931
3.053628059289279 0.05142076501926551 0.018074506796325718 0.013617881442990143
3.056769651942869 0.04940531713547536 0.017220007273826 0.01297125050783432
3.0599112445964587 0.047441572078811944 0.01639609198312808 0.012348032215578897
3.0630528372500483 0.04553092686911864 0.01560281592764623 0.011748238381159126
3.0661944299036383 0.04367481871295675 0.014840231897844003 0.011171880265212764
3.069336022557228 0.041874726207530966 0.014108390487201028 0.010618968586962207
3.072477615210818 0.040132170367108255 0.013407340106946553 0.010089513536075234
3.0756192078644076 0.03844871539849759 0.012737127001184234 0.00958352478474156
3.0787608005179976 0.036825969138265524 0.012097795260738842 0.009101011498709788
3.081902393171587 0.03526558304015959 0.01148938683647538 0.008641982347856292
3.0850439858251772 0.03376925157901933 0.010911941552050664 0.008206445516270477
3.088185578478767 0.03233871090870544 0.010365497116008093 0.007794408711777834
3.0913271711323564 0.030975736580062474 0.009850089133524698 0.007405879175157004
3.0944687637859465 0.029682140092115894 0.009365751116884535 0.007040863688344778
3.097610356439536 0.02845976401174255 0.008912514496051127 0.006699368582677501
3.100751949093126 0.027310475364771936 0.008490408628191837 0.0063813997462998096
3.1038935417467157 0.026236156970433466 0.008099460806576086 0.006086962631072446
3.1070351344003058 0.02523869637203635 0.007739696269424279 0.005816062259407673
3.1101767270538954 0.024319972019895886 0.0074111382068378084 0.0055687032296383165
3.113318319707485 0.023481836390779165 0.007113807768881486 0.005344889722224799
3.116459912361075 0.02272609581288565 0.006847724071366024 0.005144625504215572
3.1196015050146646 0.02205448690422962 0.006612904202344616 0.004967913934221357
3.1227430976682546 0.021468649763117575 0.006409363226848708 0.004814757966052241
3.1258846903218442 0.020970098366909884 0.006237114191895543 0.004685160152546608
3.1290262829754343 0.020560189050575328 0.006096168130450774 0.004579122648596723
3.132167875629024 0.02024008841008751 0.005986534064851945 0.004496647213763083
3.135309468282614 0.020010742444988683 0.005908219009607141 0.0044377352144100435
3.1384510609362035 0.019872849109054513 0.005861227973365857 0.004402387625209059
3.141592653589793 0.01982683655330053 0.005845563960693578 0.004390605030486938
