# M=8, N=4, max=1, PBC
# U/t E0/t S1(n=2) S2(n=2) S3(n=2)
-0.030000000019365026 -5.260733735817286 0.0001958733046436567 3.230742084325833e-5 2.42307017623844e-5
-0.03399783599981374 -5.265342219028161 0.0002465141970613427 4.1519680554102933e-5 3.1139985092965006e-5
-0.03852842839747091 -5.270568648090887 0.0003101343739901896 5.3363612242840475e-5 4.002308003658861e-5
-0.04366277297140841 -5.2764964591888806 0.00039002755415551427 6.859325039432207e-5 5.144554999403361e-5
-0.04948132646069453 -5.2832205183526355 0.0004903139862180161 8.817972011909703e-5 6.613580081138437e-5
-0.05607526736593459 -5.290848733855665 0.0006161453341335665 0.0001133742267267479 8.503233894008311e-5
-0.06354792474407148 -5.299503909235817 0.0007739597212543803 0.00014578955258803816 0.00010934492052205869
-0.07201639740609499 -5.3093258765148015 0.000971799085629721 0.00018750560931568572 0.0001406337592793072
-0.08161338889097945 -5.320473956686641 0.0012197039352612737 0.0002412063100285522 0.00018091225315775006
-0.09248928697044942 -5.333129803720372 0.0015302042508766878 0.00031035730074258083 0.00023278040287944002
-0.10481452027104377 -5.347500699613339 0.0019189298542023892 0.0003994371161444299 0.00029959837773296805
-0.11878222894246263 -5.363823382010601 0.002405369288378978 0.0005142383720386778 0.00038571273995824384
-0.13461129122238077 -5.382368503324551 0.0030138134691666263 0.0006622610496402892 0.0004967519559815337
-0.15254975332491796 -5.40344584213959 0.0037745294962712173 0.0008532272953511999 0.0006400134070656538
-0.17287871640016 -5.427410415298111 0.004725221657177592 0.0010997572084086027 0.0008249717455905969
-0.1959167414745673 -5.454669674230009 0.0059128516365962724 0.0014182589087445852 0.0010639489711159467
-0.22202484139902437 -5.485692014264798 0.00739590943785795 0.0018301053650153776 0.0013730012653101475
-0.2516121380298737 -5.521016884261816 0.009247252242834625 0.0023631973898088354 0.0017730982830863606
-0.28514227329267855 -5.561266860721933 0.011557662960480553 0.003054050455154611 0.002291700066174407
-0.323140674592031 -5.607162152520805 0.014440327537919018 0.00395059804318354 0.002964879375722651
-0.36620278841858406 -5.6595381396910085 0.01803649666776863 0.005115984720967637 0.0038401998755501765
-0.4150034111764321 -5.719366737569908 0.022522694129426313 0.006633741734856979 0.004980654215934521
-0.4703072634477366 -5.787782639779335 0.02811997973287239 0.008614919027808643 0.00647010865257891
-0.5329809733965386 -5.866115867667647 0.03510600549216081 0.011208027525106079 0.00842092250325499
-0.6040066570953335 -5.955932602432759 0.043830991963719645 0.014613088150795761 0.01098476309456431
-0.6844973085822526 -6.05908710641975 0.054739463925156384 0.01910180128247818 0.014368210315870211
-0.7757142408157198 -6.177788844485718 0.06840109510260084 0.02504704327521501 0.01885570120627489
-0.8790868508316444 -6.314691056328654 0.08555899658608679 0.03296693298866615 0.024843997096653192
-0.9962350188291619 -6.473010718350958 0.10720927470831243 0.04359226525088422 0.032895190684429476
-1.1289944921854067 -6.656696537975269 0.13466216315535728 0.0579723687383884 0.04382020004594467
-1.2794456521745317 -6.870674497527646 0.16970893014346067 0.0776451638382154 0.05881288349384417
-1.4499461141742076 -7.121226429515993 0.21484912211878449 0.10491289522413583 0.07966585553539107
-1.5 -7.1965240393174446 0.22926529868479273 0.11403973566909675 0.0866604302924685
-1.5390625 -7.255866593264512 0.24089904695050368 0.12154428453545352 0.09241617379363332
-1.578125 -7.315731773476925 0.25287541829987337 0.12939614960869017 0.09844200141222226
-1.6171875 -7.37613367017357 0.26520007059322914 0.13760680031772932 0.10474660342919728
-1.6431676722147313 -7.416611007832379 0.27359247257284647 0.1432718939416655 0.10909828583243475
-1.65625 -7.4370872035484545 0.27787806136124926 0.14618756966869517 0.1113384418438721
-1.6953125 -7.498608162347484 0.2909136224308986 0.15514948223384417 0.11822559247172482
-1.734375 -7.560713239800454 0.30430989865498237 0.16450304338293442 0.12541555403774418
-1.7734375 -7.623420065596362 0.3180686482805051 0.17425798442100837 0.13291502025482793
-1.8125 -7.686747232333104 0.33218990329239917 0.1844229583458865 0.14072961115464477
-1.8515625 -7.750714314592069 0.34667158926607655 0.1950051813313105 0.14886356057963956
-1.8621381668030597 -7.768145306097621 0.3506537869605024 0.19794270500784572 0.15112102917702064
-1.890625 -7.815341878491244 0.36150910594055485 0.20601001590968737 0.15731935787467255
-1.9296875 -7.880651479265636 0.3766948719674219 0.21744049332858228 0.16609734357838835
-1.96875 -7.94666564412767 0.39221784016980177 0.22929677486160394 0.17519526145934883
-2.0078125 -8.013407837391371 0.40806299320161 0.2415755551467984 0.1846077727143869
-2.046875 -8.080902404630912 0.4242108337235968 0.25426941506795586 0.1943259426568611
-2.0859375 -8.149174492520183 0.4406368880271425 0.2673661374013334 0.20433671580869794
-2.110288932103281 -8.192139926406456 0.4510046189648653 0.27572685355229964 0.21071783861040894
-2.125 -8.218249941004608 0.457311247256158 0.2808480054424609 0.2146224018871652
-2.1640625 -8.288155144638914 0.4741981756874156 0.29469111297144357 0.22516020247478474
-2.203125 -8.358916880329055 0.49125582046581817 0.3088647228552781 0.23592181565685344
-2.2421875 -8.430562099395402 0.508436061129288 0.3233307206774887 0.24687316277663163
-2.28125 -8.50311768286376 0.5256845394344012 0.3380432180425905 0.25797428653238397
-2.3203125 -8.576610160216745 0.5429409095575517 0.35294836628601534 0.2691794714664053
-2.359375 -8.651065393499195 0.5601393448578369 0.3679844435924662 0.28043763485105977
-2.3915085659852595 -8.713053011687988 0.5741940625618311 0.3804029876286057 0.2896993334158968
-2.3984375 -8.726508230631723 0.5772093293677201 0.38308227520861227 0.29169302651995155
-2.4375 -8.802962133968148 0.5940767496968871 0.39816603588026833 0.3028862592346542
-2.4765625 -8.880448792408416 0.6106652863353239 0.41315446471375283 0.31395566653764995
-2.515625 -8.958987727577114 0.6268980834610378 0.42796249518380103 0.324838953893825
-2.5546875 -9.038595906489112 0.6426996553546656 0.442503268204935 0.33547507409161126
-2.59375 -9.119287374520407 0.6579979687777429 0.45669045692565957 0.3458062238103139
-2.6328125 -9.201072923168033 0.6727266296240972 0.47044079268900285 0.35577983054828355
-2.671875 -9.283959806839626 0.6868271089754021 0.4836766480781831 0.36535038349109783
-2.7102038655344476 -9.366363885979691 0.7000053546601501 0.49609665488195054 0.3743137165557888
-2.7109375 -9.367951521663477 0.7002509947968196 0.4963285110415967 0.3744809629605528
-2.75 -9.453047657053855 0.7129624581812819 0.5083371787285018 0.38314434290612676
-2.7890625 -9.53924382762235 0.7249423725105801 0.5196555136398384 0.3913235781491671
-2.828125 -9.626531689223903 0.7361974284060855 0.5302496376774766 0.3990120379094342
-2.8671875 -9.714899038780885 0.7467152486338575 0.5400994879568644 0.40621290199545523
-2.90625 -9.80432999340468 0.7564929304928065 0.5491987153006348 0.4129381873340079
-2.9453125 -9.894805240592854 0.765541641254007 0.5575539640581768 0.4192074125452798
-2.984375 -9.986302348229948 0.7738820577438439 0.5651836222983859 0.42504603188054135
-3.0234375 -10.078796120982734 0.7815424454878155 0.5721161681862132 0.43048377531237536
-3.0625 -10.172258988560714 0.7885569965325878 0.5783882579522595 0.43555302057965006
-3.0713688829008103 -10.193611086558278 0.7900635600288974 0.5797246257345288 0.4366560907845556
-3.1015625 -10.2666614112028 0.7949642590159867 0.5840427029158586 0.4402872997442002
-3.140625 -10.3619722885397 0.8008056710495564 0.5891264699094858 0.44472001274997597
-3.1796875 -10.458159359485979 0.8061242386536831 0.5936888154170687 0.4488833889543171
-3.21875 -10.555189582813895 0.8109633927333997 0.5977796337705166 0.452807708948725
-3.2578125 -10.653029490323423 0.8153660476210307 0.6014480685726609 0.4565207759880763
-3.296875 -10.75164550683921 0.819373871696504 0.6047414078852262 0.46004761021007967
-3.3359375 -10.851004233468421 0.8230267737802293 0.6077042600859626 0.46341032945802985
-3.375 -10.951072692516794 0.8263626139449878 0.6103779898025774 0.46662817695789416
-3.4140625 -11.051818534112344 0.8294171846545346 0.6128003820341954 0.4697176569504862
-3.453125 -11.15321020589247 0.8322246864803327 0.615005496787179 0.47269274316774856
-3.4806631836129913 -11.225060554846333 0.834074241615689 0.6164460595020143 0.4747277833668355
-3.4921875 -11.255217088075938 0.8348209538752629 0.617023675184837 0.4755651304518427
-3.53125 -11.35780959689044 0.8372390756160808 0.6188816598361697 0.47834450580633936
-3.5703125 -11.460959259704307 0.8394857410716163 0.6206027961139129 0.48103882100687345
-3.609375 -11.564638765363782 0.8415739646356335 0.622207285928368 0.4836545541320363
-3.6484375 -11.668821993217254 0.8435177511063556 0.6237124708519772 0.4861969517780662
-3.6875 -11.773484024160249 0.8453304500401062 0.625133126538405 0.48867024723028507
-3.7265625 -11.878601136801375 0.8470243790570051 0.6264817549742916 0.4910778525238202
-3.765625 -11.984150791563623 0.8486107395529272 0.6277688650416984 0.49342252423824906
-3.8046875 -12.090111605224187 0.8500996374154854 0.6290032351059192 0.4957065041632478
-3.84375 -12.196463318079774 0.8515001470403805 0.6301921539018047 0.4979316367756077
-3.8828125 -12.303186755617041 0.8528203928500195 0.6313416379397436 0.5000994659018008
-3.921875 -12.410263786280183 0.8540676360156478 0.632456625078087 0.5022113131076593
-3.94450053368929 -12.47243920475464 0.8547592475336723 0.6330882811370544 0.5034093824113115
-3.9609375 -12.517677276664012 0.8552483601186824 0.6335411449052586 0.5042683403408272
-4.0 -12.625411045225327 0.8563683525182335 0.6345984672309029 0.5062715992180817
-4.470149405299391 -13.942373682204824 0.8665301031064336 0.6457829995559501 0.5265088314325701
-5.065846875931114 -15.647319675012334 0.8745720104550068 0.6567870464862704 0.5437919109150213
-5.740927705896719 -17.60739397887698 0.880578162045762 0.6657493282784199 0.5559340490056823
-6.505970616862512 -19.849447520470793 0.8852106141003482 0.6726616757584822 0.5641778284047985
-7.372964063630702 -22.406340200474105 0.8888231490563401 0.6778419133139666 0.5696942211409666
-8.355494096867755 -25.31676829229244 0.8916516281367475 0.681678869050641 0.5733762063377226
-9.468957260645173 -28.62549035742937 0.8938697157049345 0.6845148185994359 0.5758456236413392
-10.730801860961929 -32.38381748018974 0.8956101312376221 0.6866169605752095 0.5775173740056707
-12.160801385999516 -36.650296909501144 0.896975801217879 0.6881833404783522 0.5786629147305047
-13.781364362688091 -41.49155859279394 0.8980471099341307 0.6893575863125845 0.5794586280803222
-15.617885505130227 -46.983316247278346 0.8988870900982548 0.690243177928143 0.5800192068206549
-17.699143657484708 -53.21152701657953 0.8995452874980074 0.6909147838051286 0.5804196638509245
-20.057752767196323 -60.27372140225525 0.9000606963070115 0.691426596860814 0.5807095195209642
-22.730672955459028 -68.28052057406025 0.9004640190566153 0.6918182589330577 0.5809218540330949
-25.75978969354196 -77.35736261320814 0.9007794249042544 0.6921190154464458 0.5810790667415344
-29.192570160847232 -87.64646338082734 0.9010259282165087 0.6923506225245442 0.5811965473307219
-33.0828070700297 -99.30904188915095 0.9012184750975782 0.6925293898566487 0.5812850286447091
-37.491461615144175 -112.52784450579802 0.9013688022990678 0.6926676277889521 0.5813521069576906
-42.48761875207367 -127.5100071952799 0.9014861170452924 0.6927746826734205 0.5814032345913316
-48.149569780773135 -144.49030041982274 0.9015776351192639 0.6928576856290012 0.5814423760364353
-54.56603919372133 -163.7348073956919 0.9016490064223937 0.6929220998510686 0.5814724476583915
-61.837575015668676 -185.54509324268213 0.9017046511149727 0.6929721247054315 0.5814956167505518
-70.07812442172732 -210.26293029027218 0.9017480247318228 0.693010996804063 0.5815135080530012
-79.4168193242173 -238.27565354129973 0.9017818269572913 0.6930412161197799 0.5815273485568375
-89.99999990895753 -270.022230183637 0.9018081657859027 0.693064716965718 0.5815380705398656
